10-12-2019 00:04:09,7.6101837,5.474594,-2.8044434,0,0,0,0.0,3
10-12-2019 00:04:09,7.5635223,5.508087,-2.9408417,0.00023269653,0.01583004,-0.02475524,0.0,3
10-12-2019 00:04:09,7.5599365,5.51886,-2.9288635,0.032034397,-0.00054216385,0.054390192,0.0,3
10-12-2019 00:04:09,7.5934296,5.49852,-2.7350616,-0.017454624,0.025015831,-0.054317474,0.0,3
10-12-2019 00:04:09,7.5611267,5.494934,-2.6417236,0.024183273,-0.0035357475,-0.024320364,0.0,3
10-12-2019 00:04:09,7.5946198,5.5140686,-2.614212,0.018773079,-0.017883778,-0.0014548302,0.0,3
10-12-2019 00:04:09,7.616165,5.4997253,-2.6692505,0.008350849,-0.021992683,0.116844416,0.0,3
10-12-2019 00:04:09,7.5814667,5.514084,-2.6644592,-0.01505661,-0.02064228,-0.17894197,0.0,3
10-12-2019 00:04:09,7.598221,5.503311,-2.6501007,-0.17756414,0.066679,-0.48751903,0.0,3
10-12-2019 00:04:09,7.6173553,5.515274,-2.5986633,0.4820571,-0.39853048,0.44719338,0.0,3
10-12-2019 00:04:09,7.5934296,5.506897,-2.540039,-0.042260647,0.011753082,0.34709883,0.0,3
10-12-2019 00:04:09,7.612564,5.5021057,-2.5101166,-0.34474564,0.21016693,-0.35638022,0.0,3
10-12-2019 00:04:09,7.612564,5.5021057,-2.5101166,-0.09004116,0.042523384,-0.17532635,0.0,3
10-12-2019 00:04:09,7.5766754,5.56192,-2.8929749,0.065105915,0.027689934,0.24677086,0.0,3
10-12-2019 00:04:09,7.538391,5.5499573,-2.8498993,0.063229084,-0.03858185,-0.040797234,0.0,3
10-12-2019 00:04:09,7.4785767,5.552353,-2.7613678,0.009208679,0.0012412071,0.018859625,0.0,3
10-12-2019 00:04:09,7.5407867,5.5451813,-2.921692,-0.06749201,0.059355736,0.0028061867,0.0,3
10-12-2019 00:04:09,7.602997,5.516464,-2.9934692,-0.082519054,0.079910755,-0.0311687,0.0,3
10-12-2019 00:04:09,7.5838623,5.5260315,-3.1011505,-0.015798569,0.0072112083,-0.057339907,0.0,3
10-12-2019 00:04:09,7.5527496,5.5045013,-3.0078278,-0.001627922,0.0065407753,0.039964914,0.0,3
10-12-2019 00:04:09,7.5647125,5.5045013,-2.9192963,-0.008392334,0.0067772865,-0.024702787,0.0,3
10-12-2019 00:04:09,7.6101837,5.5212555,-2.8020477,-0.009196758,0.004611492,-0.010502338,0.0,3
10-12-2019 00:04:09,7.641281,5.45665,-2.7565765,-0.013839245,0.015731812,0.026254177,0.0,3
10-12-2019 00:04:09,7.660431,5.4733887,-2.7470093,0.00033950806,-0.01664877,-0.040870428,0.0,3
10-12-2019 00:04:09,7.607788,5.511673,-2.8044434,0.018296242,-0.012648582,0.008474112,0.0,3
10-12-2019 00:04:09,7.648468,5.487747,-2.7159119,-0.012564182,0.01020813,-0.0053520203,0.0,3
10-12-2019 00:04:09,7.631714,5.4805756,-2.627365,0.018805027,0.028764248,0.02236414,0.0,3
10-12-2019 00:04:09,7.5862427,5.4973145,-2.663269,0.020774841,-0.0015201569,-0.086936474,0.0,3
10-12-2019 00:04:09,7.569504,5.5140686,-2.708725,0.02377081,-0.003358364,0.0138196945,0.0,3
10-12-2019 00:04:09,7.602997,5.557144,-2.782898,-0.029593468,0.05130577,0.052657366,0.0,3
10-12-2019 00:04:13,7.5635223,5.508087,-2.9408417,0.00023269653,0.01583004,-0.02475524,0.0,3
10-12-2019 00:04:13,7.5599365,5.51886,-2.9288635,0.032034397,-0.00054216385,0.054390192,0.0,3
10-12-2019 00:04:13,7.5934296,5.49852,-2.7350616,-0.017454624,0.025015831,-0.054317474,0.0,3
10-12-2019 00:04:13,7.5611267,5.494934,-2.6417236,0.024183273,-0.0035357475,-0.024320364,0.0,3
10-12-2019 00:04:13,7.5946198,5.5140686,-2.614212,0.018773079,-0.017883778,-0.0014548302,0.0,3
10-12-2019 00:04:13,7.616165,5.4997253,-2.6692505,0.008350849,-0.021992683,0.116844416,0.0,3
10-12-2019 00:04:13,7.5814667,5.514084,-2.6644592,-0.01505661,-0.02064228,-0.17894197,0.0,3
10-12-2019 00:04:13,7.598221,5.503311,-2.6501007,-0.17756414,0.066679,-0.48751903,0.0,3
10-12-2019 00:04:13,7.6173553,5.515274,-2.5986633,0.4820571,-0.39853048,0.44719338,0.0,3
10-12-2019 00:04:13,7.5934296,5.506897,-2.540039,-0.042260647,0.011753082,0.34709883,0.0,3
10-12-2019 00:04:13,7.612564,5.5021057,-2.5101166,-0.34474564,0.21016693,-0.35638022,0.0,3
10-12-2019 00:04:13,7.612564,5.5021057,-2.5101166,-0.09004116,0.042523384,-0.17532635,0.0,3
10-12-2019 00:04:13,7.5766754,5.56192,-2.8929749,0.065105915,0.027689934,0.24677086,0.0,3
10-12-2019 00:04:13,7.538391,5.5499573,-2.8498993,0.063229084,-0.03858185,-0.040797234,0.0,3
10-12-2019 00:04:13,7.4785767,5.552353,-2.7613678,0.009208679,0.0012412071,0.018859625,0.0,3
10-12-2019 00:04:13,7.5407867,5.5451813,-2.921692,-0.06749201,0.059355736,0.0028061867,0.0,3
10-12-2019 00:04:13,7.602997,5.516464,-2.9934692,-0.082519054,0.079910755,-0.0311687,0.0,3
10-12-2019 00:04:13,7.5838623,5.5260315,-3.1011505,-0.015798569,0.0072112083,-0.057339907,0.0,3
10-12-2019 00:04:13,7.5527496,5.5045013,-3.0078278,-0.001627922,0.0065407753,0.039964914,0.0,3
10-12-2019 00:04:13,7.5647125,5.5045013,-2.9192963,-0.008392334,0.0067772865,-0.024702787,0.0,3
10-12-2019 00:04:13,7.6101837,5.5212555,-2.8020477,-0.009196758,0.004611492,-0.010502338,0.0,3
10-12-2019 00:04:13,7.641281,5.45665,-2.7565765,-0.013839245,0.015731812,0.026254177,0.0,3
10-12-2019 00:04:13,7.660431,5.4733887,-2.7470093,0.00033950806,-0.01664877,-0.040870428,0.0,3
10-12-2019 00:04:13,7.607788,5.511673,-2.8044434,0.018296242,-0.012648582,0.008474112,0.0,3
10-12-2019 00:04:13,7.648468,5.487747,-2.7159119,-0.012564182,0.01020813,-0.0053520203,0.0,3
10-12-2019 00:04:13,7.631714,5.4805756,-2.627365,0.018805027,0.028764248,0.02236414,0.0,3
10-12-2019 00:04:13,7.5862427,5.4973145,-2.663269,0.020774841,-0.0015201569,-0.086936474,0.0,3
10-12-2019 00:04:13,7.569504,5.5140686,-2.708725,0.02377081,-0.003358364,0.0138196945,0.0,3
10-12-2019 00:04:13,7.602997,5.557144,-2.782898,-0.029593468,0.05130577,0.052657366,0.0,3
10-12-2019 00:04:13,7.6149597,5.54039,-2.8259735,-0.009419918,-0.031943798,-0.16567922,0.0,3
10-12-2019 00:04:13,7.567108,5.5332184,-2.8307648,0.07415104,-0.041989326,0.22745681,0.0,3
10-12-2019 00:04:13,7.550354,5.54039,-2.881012,-0.039683342,-0.025553226,-0.040220737,0.0,3
10-12-2019 00:04:13,7.562317,5.5308228,-2.9815063,-0.04929924,0.014659882,0.094581604,0.0,3
10-12-2019 00:04:13,7.5647125,5.5212555,-3.0102234,-0.029111862,-0.0044498444,0.03561282,0.0,3
10-12-2019 00:04:13,7.5934296,5.564316,-3.0030518,-0.006508827,-0.029776573,0.014385462,0.0,3
10-12-2019 00:04:13,7.557541,5.5260315,-2.9288635,-0.019280434,-0.0058026314,0.02938509,0.0,3
10-12-2019 00:04:13,7.5336,5.5355988,-2.8642578,-0.0052981377,-0.013584614,-0.0036194324,0.0,3
10-12-2019 00:04:13,7.550354,5.547577,-2.7972565,-0.0058994293,-0.0017681122,0.023651361,0.0,3
10-12-2019 00:04:13,7.57428,5.49971,-2.7924805,-0.023973942,0.007176876,-0.025034666,0.0,3
10-12-2019 00:04:13,7.5718994,5.487747,-2.7805176,-0.0031762123,-0.009628296,-0.0055527687,0.0,3
10-12-2019 00:04:13,7.5814667,5.5021057,-2.852295,-0.009794235,0.023021221,-0.019256353,0.0,3
10-12-2019 00:04:13,7.598221,5.4973145,-2.8834076,0.03443432,0.004199028,-0.010037661,0.0,3
10-12-2019 00:04:13,7.619751,5.506897,-2.8092194,-0.003695488,0.0009226799,-0.036554337,0.0,3
10-12-2019 00:04:13,7.636505,5.461426,-2.7924805,0.0031991005,0.0141716,0.022705793,0.0,3
10-12-2019 00:04:13,7.648468,5.4805756,-2.8211823,0.018268108,-0.020761013,-0.04998374,0.0,3
10-12-2019 00:04:13,7.631714,5.454254,-2.9288635,-0.008763313,0.0042700768,0.004114628,0.0,3
10-12-2019 00:04:13,7.629318,5.45665,-2.9862976,-0.0014762878,0.0016856194,0.010324717,0.0,3
10-12-2019 00:04:13,7.629318,5.45903,-2.9886932,0.010296822,-0.008215427,-0.026348352,0.0,3
10-12-2019 00:04:13,7.612564,5.494934,-2.9527893,-0.041332245,0.034564972,-0.0067698956,0.0,3
10-12-2019 00:04:17,7.5635223,5.508087,-2.9408417,0.00023269653,0.01583004,-0.02475524,0.0,3
10-12-2019 00:04:17,7.5599365,5.51886,-2.9288635,0.032034397,-0.00054216385,0.054390192,0.0,3
10-12-2019 00:04:17,7.5934296,5.49852,-2.7350616,-0.017454624,0.025015831,-0.054317474,0.0,3
10-12-2019 00:04:17,7.5611267,5.494934,-2.6417236,0.024183273,-0.0035357475,-0.024320364,0.0,3
10-12-2019 00:04:17,7.5946198,5.5140686,-2.614212,0.018773079,-0.017883778,-0.0014548302,0.0,3
10-12-2019 00:04:17,7.616165,5.4997253,-2.6692505,0.008350849,-0.021992683,0.116844416,0.0,3
10-12-2019 00:04:17,7.5814667,5.514084,-2.6644592,-0.01505661,-0.02064228,-0.17894197,0.0,3
10-12-2019 00:04:17,7.598221,5.503311,-2.6501007,-0.17756414,0.066679,-0.48751903,0.0,3
10-12-2019 00:04:17,7.6173553,5.515274,-2.5986633,0.4820571,-0.39853048,0.44719338,0.0,3
10-12-2019 00:04:17,7.5934296,5.506897,-2.540039,-0.042260647,0.011753082,0.34709883,0.0,3
10-12-2019 00:04:17,7.612564,5.5021057,-2.5101166,-0.34474564,0.21016693,-0.35638022,0.0,3
10-12-2019 00:04:17,7.612564,5.5021057,-2.5101166,-0.09004116,0.042523384,-0.17532635,0.0,3
10-12-2019 00:04:17,7.5766754,5.56192,-2.8929749,0.065105915,0.027689934,0.24677086,0.0,3
10-12-2019 00:04:17,7.538391,5.5499573,-2.8498993,0.063229084,-0.03858185,-0.040797234,0.0,3
10-12-2019 00:04:17,7.4785767,5.552353,-2.7613678,0.009208679,0.0012412071,0.018859625,0.0,3
10-12-2019 00:04:17,7.5407867,5.5451813,-2.921692,-0.06749201,0.059355736,0.0028061867,0.0,3
10-12-2019 00:04:17,7.602997,5.516464,-2.9934692,-0.082519054,0.079910755,-0.0311687,0.0,3
10-12-2019 00:04:17,7.5838623,5.5260315,-3.1011505,-0.015798569,0.0072112083,-0.057339907,0.0,3
10-12-2019 00:04:17,7.5527496,5.5045013,-3.0078278,-0.001627922,0.0065407753,0.039964914,0.0,3
10-12-2019 00:04:17,7.5647125,5.5045013,-2.9192963,-0.008392334,0.0067772865,-0.024702787,0.0,3
10-12-2019 00:04:17,7.6101837,5.5212555,-2.8020477,-0.009196758,0.004611492,-0.010502338,0.0,3
10-12-2019 00:04:17,7.641281,5.45665,-2.7565765,-0.013839245,0.015731812,0.026254177,0.0,3
10-12-2019 00:04:17,7.660431,5.4733887,-2.7470093,0.00033950806,-0.01664877,-0.040870428,0.0,3
10-12-2019 00:04:17,7.607788,5.511673,-2.8044434,0.018296242,-0.012648582,0.008474112,0.0,3
10-12-2019 00:04:17,7.648468,5.487747,-2.7159119,-0.012564182,0.01020813,-0.0053520203,0.0,3
10-12-2019 00:04:17,7.631714,5.4805756,-2.627365,0.018805027,0.028764248,0.02236414,0.0,3
10-12-2019 00:04:17,7.5862427,5.4973145,-2.663269,0.020774841,-0.0015201569,-0.086936474,0.0,3
10-12-2019 00:04:17,7.569504,5.5140686,-2.708725,0.02377081,-0.003358364,0.0138196945,0.0,3
10-12-2019 00:04:17,7.602997,5.557144,-2.782898,-0.029593468,0.05130577,0.052657366,0.0,3
10-12-2019 00:04:17,7.6149597,5.54039,-2.8259735,-0.009419918,-0.031943798,-0.16567922,0.0,3
10-12-2019 00:04:17,7.567108,5.5332184,-2.8307648,0.07415104,-0.041989326,0.22745681,0.0,3
10-12-2019 00:04:17,7.550354,5.54039,-2.881012,-0.039683342,-0.025553226,-0.040220737,0.0,3
10-12-2019 00:04:17,7.562317,5.5308228,-2.9815063,-0.04929924,0.014659882,0.094581604,0.0,3
10-12-2019 00:04:17,7.5647125,5.5212555,-3.0102234,-0.029111862,-0.0044498444,0.03561282,0.0,3
10-12-2019 00:04:17,7.5934296,5.564316,-3.0030518,-0.006508827,-0.029776573,0.014385462,0.0,3
10-12-2019 00:04:17,7.557541,5.5260315,-2.9288635,-0.019280434,-0.0058026314,0.02938509,0.0,3
10-12-2019 00:04:17,7.5336,5.5355988,-2.8642578,-0.0052981377,-0.013584614,-0.0036194324,0.0,3
10-12-2019 00:04:17,7.550354,5.547577,-2.7972565,-0.0058994293,-0.0017681122,0.023651361,0.0,3
10-12-2019 00:04:17,7.57428,5.49971,-2.7924805,-0.023973942,0.007176876,-0.025034666,0.0,3
10-12-2019 00:04:17,7.5718994,5.487747,-2.7805176,-0.0031762123,-0.009628296,-0.0055527687,0.0,3
10-12-2019 00:04:17,7.5814667,5.5021057,-2.852295,-0.009794235,0.023021221,-0.019256353,0.0,3
10-12-2019 00:04:17,7.598221,5.4973145,-2.8834076,0.03443432,0.004199028,-0.010037661,0.0,3
10-12-2019 00:04:17,7.619751,5.506897,-2.8092194,-0.003695488,0.0009226799,-0.036554337,0.0,3
10-12-2019 00:04:17,7.636505,5.461426,-2.7924805,0.0031991005,0.0141716,0.022705793,0.0,3
10-12-2019 00:04:17,7.648468,5.4805756,-2.8211823,0.018268108,-0.020761013,-0.04998374,0.0,3
10-12-2019 00:04:17,7.631714,5.454254,-2.9288635,-0.008763313,0.0042700768,0.004114628,0.0,3
10-12-2019 00:04:17,7.629318,5.45665,-2.9862976,-0.0014762878,0.0016856194,0.010324717,0.0,3
10-12-2019 00:04:17,7.629318,5.45903,-2.9886932,0.010296822,-0.008215427,-0.026348352,0.0,3
10-12-2019 00:04:17,7.612564,5.494934,-2.9527893,-0.041332245,0.034564972,-0.0067698956,0.0,3
10-12-2019 00:04:17,7.6341095,5.466217,-2.914505,0.023728848,-0.012395382,-0.009474993,0.0,3
10-12-2019 00:04:17,7.595825,5.4686127,-2.9240875,0.024579525,-0.020290852,-0.0025475025,0.0,3
10-12-2019 00:04:17,7.607788,5.5021057,-2.950409,-0.025335312,0.011848927,-0.016865969,0.0,3
10-12-2019 00:04:17,7.6101837,5.466217,-2.9982605,0.0042438507,-0.003255844,0.022748947,0.0,3
10-12-2019 00:04:17,7.6101837,5.4853516,-2.9886932,-0.008595467,-0.008097649,-0.017092705,0.0,3
10-12-2019 00:04:17,7.624527,5.5021057,-2.8786163,-0.025199413,0.00963068,-0.0321846,0.0,3
10-12-2019 00:04:17,7.6341095,5.470993,-2.8451233,-0.0016736984,0.0069918633,0.03588772,0.0,3
10-12-2019 00:04:17,7.629318,5.4805756,-2.8020477,0.082485676,-0.0666728,-0.0142838955,0.0,3
10-12-2019 00:04:17,7.6269226,5.45665,-2.782898,-0.056874275,0.028839588,-0.031588316,0.0,3
10-12-2019 00:04:17,7.636505,5.47818,-2.7111206,-0.038943768,0.04077196,0.01723075,0.0,3
10-12-2019 00:04:17,7.579071,5.470993,-2.6584778,0.021729946,-0.016432285,-0.012534857,0.0,3
10-12-2019 00:04:17,7.579071,5.470993,-2.6584778,-0.028555393,-0.025055408,-0.019714832,0.0,3
10-12-2019 00:04:17,7.588043,5.4638214,-2.613617,-0.015182495,-0.009614468,0.02684617,0.0,3
10-12-2019 00:04:17,7.446274,5.3908386,-3.2602692,-0.02807188,-0.0149412155,-0.076905966,0.0,3
10-12-2019 00:04:17,7.5360107,5.5631256,-2.7924805,-0.025671959,0.029748917,0.04285574,0.0,3
10-12-2019 00:04:17,7.606598,5.5906525,-2.5209045,0.047983646,-0.040544033,0.017753363,0.0,3
10-12-2019 00:04:17,7.6065826,5.4518585,-2.791275,0.015901566,-0.0412035,-0.04448533,0.0,3
10-12-2019 00:04:17,7.5240326,5.527237,-2.7601776,-0.08218241,0.05870104,0.022038937,0.0,3
10-12-2019 00:04:17,7.4785767,5.5224457,-2.8869934,0.044845104,-0.036940575,-0.024069548,0.0,3
10-12-2019 00:04:22,7.5635223,5.508087,-2.9408417,0.00023269653,0.01583004,-0.02475524,0.0,2
10-12-2019 00:04:22,7.5599365,5.51886,-2.9288635,0.032034397,-0.00054216385,0.054390192,0.0,2
10-12-2019 00:04:22,7.5934296,5.49852,-2.7350616,-0.017454624,0.025015831,-0.054317474,0.0,2
10-12-2019 00:04:22,7.5611267,5.494934,-2.6417236,0.024183273,-0.0035357475,-0.024320364,0.0,2
10-12-2019 00:04:22,7.5946198,5.5140686,-2.614212,0.018773079,-0.017883778,-0.0014548302,0.0,2
10-12-2019 00:04:22,7.616165,5.4997253,-2.6692505,0.008350849,-0.021992683,0.116844416,0.0,2
10-12-2019 00:04:22,7.5814667,5.514084,-2.6644592,-0.01505661,-0.02064228,-0.17894197,0.0,2
10-12-2019 00:04:22,7.598221,5.503311,-2.6501007,-0.17756414,0.066679,-0.48751903,0.0,2
10-12-2019 00:04:22,7.6173553,5.515274,-2.5986633,0.4820571,-0.39853048,0.44719338,0.0,2
10-12-2019 00:04:22,7.5934296,5.506897,-2.540039,-0.042260647,0.011753082,0.34709883,0.0,2
10-12-2019 00:04:22,7.612564,5.5021057,-2.5101166,-0.34474564,0.21016693,-0.35638022,0.0,2
10-12-2019 00:04:22,7.612564,5.5021057,-2.5101166,-0.09004116,0.042523384,-0.17532635,0.0,2
10-12-2019 00:04:22,7.5766754,5.56192,-2.8929749,0.065105915,0.027689934,0.24677086,0.0,2
10-12-2019 00:04:22,7.538391,5.5499573,-2.8498993,0.063229084,-0.03858185,-0.040797234,0.0,2
10-12-2019 00:04:22,7.4785767,5.552353,-2.7613678,0.009208679,0.0012412071,0.018859625,0.0,2
10-12-2019 00:04:22,7.5407867,5.5451813,-2.921692,-0.06749201,0.059355736,0.0028061867,0.0,2
10-12-2019 00:04:22,7.602997,5.516464,-2.9934692,-0.082519054,0.079910755,-0.0311687,0.0,2
10-12-2019 00:04:22,7.5838623,5.5260315,-3.1011505,-0.015798569,0.0072112083,-0.057339907,0.0,2
10-12-2019 00:04:22,7.5527496,5.5045013,-3.0078278,-0.001627922,0.0065407753,0.039964914,0.0,2
10-12-2019 00:04:22,7.5647125,5.5045013,-2.9192963,-0.008392334,0.0067772865,-0.024702787,0.0,2
10-12-2019 00:04:22,7.6101837,5.5212555,-2.8020477,-0.009196758,0.004611492,-0.010502338,0.0,2
10-12-2019 00:04:22,7.641281,5.45665,-2.7565765,-0.013839245,0.015731812,0.026254177,0.0,2
10-12-2019 00:04:22,7.660431,5.4733887,-2.7470093,0.00033950806,-0.01664877,-0.040870428,0.0,2
10-12-2019 00:04:22,7.607788,5.511673,-2.8044434,0.018296242,-0.012648582,0.008474112,0.0,2
10-12-2019 00:04:22,7.648468,5.487747,-2.7159119,-0.012564182,0.01020813,-0.0053520203,0.0,2
10-12-2019 00:04:22,7.631714,5.4805756,-2.627365,0.018805027,0.028764248,0.02236414,0.0,2
10-12-2019 00:04:22,7.5862427,5.4973145,-2.663269,0.020774841,-0.0015201569,-0.086936474,0.0,2
10-12-2019 00:04:22,7.569504,5.5140686,-2.708725,0.02377081,-0.003358364,0.0138196945,0.0,2
10-12-2019 00:04:22,7.602997,5.557144,-2.782898,-0.029593468,0.05130577,0.052657366,0.0,2
10-12-2019 00:04:22,7.6149597,5.54039,-2.8259735,-0.009419918,-0.031943798,-0.16567922,0.0,2
10-12-2019 00:04:22,7.567108,5.5332184,-2.8307648,0.07415104,-0.041989326,0.22745681,0.0,2
10-12-2019 00:04:22,7.550354,5.54039,-2.881012,-0.039683342,-0.025553226,-0.040220737,0.0,2
10-12-2019 00:04:22,7.562317,5.5308228,-2.9815063,-0.04929924,0.014659882,0.094581604,0.0,2
10-12-2019 00:04:22,7.5647125,5.5212555,-3.0102234,-0.029111862,-0.0044498444,0.03561282,0.0,2
10-12-2019 00:04:22,7.5934296,5.564316,-3.0030518,-0.006508827,-0.029776573,0.014385462,0.0,2
10-12-2019 00:04:22,7.557541,5.5260315,-2.9288635,-0.019280434,-0.0058026314,0.02938509,0.0,2
10-12-2019 00:04:22,7.5336,5.5355988,-2.8642578,-0.0052981377,-0.013584614,-0.0036194324,0.0,2
10-12-2019 00:04:22,7.550354,5.547577,-2.7972565,-0.0058994293,-0.0017681122,0.023651361,0.0,2
10-12-2019 00:04:22,7.57428,5.49971,-2.7924805,-0.023973942,0.007176876,-0.025034666,0.0,2
10-12-2019 00:04:22,7.5718994,5.487747,-2.7805176,-0.0031762123,-0.009628296,-0.0055527687,0.0,2
10-12-2019 00:04:22,7.5814667,5.5021057,-2.852295,-0.009794235,0.023021221,-0.019256353,0.0,2
10-12-2019 00:04:22,7.598221,5.4973145,-2.8834076,0.03443432,0.004199028,-0.010037661,0.0,2
10-12-2019 00:04:22,7.619751,5.506897,-2.8092194,-0.003695488,0.0009226799,-0.036554337,0.0,2
10-12-2019 00:04:22,7.636505,5.461426,-2.7924805,0.0031991005,0.0141716,0.022705793,0.0,2
10-12-2019 00:04:22,7.648468,5.4805756,-2.8211823,0.018268108,-0.020761013,-0.04998374,0.0,2
10-12-2019 00:04:22,7.631714,5.454254,-2.9288635,-0.008763313,0.0042700768,0.004114628,0.0,2
10-12-2019 00:04:22,7.629318,5.45665,-2.9862976,-0.0014762878,0.0016856194,0.010324717,0.0,2
10-12-2019 00:04:22,7.629318,5.45903,-2.9886932,0.010296822,-0.008215427,-0.026348352,0.0,2
10-12-2019 00:04:22,7.612564,5.494934,-2.9527893,-0.041332245,0.034564972,-0.0067698956,0.0,2
10-12-2019 00:04:22,7.6341095,5.466217,-2.914505,0.023728848,-0.012395382,-0.009474993,0.0,2
10-12-2019 00:04:22,7.595825,5.4686127,-2.9240875,0.024579525,-0.020290852,-0.0025475025,0.0,2
10-12-2019 00:04:22,7.607788,5.5021057,-2.950409,-0.025335312,0.011848927,-0.016865969,0.0,2
10-12-2019 00:04:22,7.6101837,5.466217,-2.9982605,0.0042438507,-0.003255844,0.022748947,0.0,2
10-12-2019 00:04:22,7.6101837,5.4853516,-2.9886932,-0.008595467,-0.008097649,-0.017092705,0.0,2
10-12-2019 00:04:22,7.624527,5.5021057,-2.8786163,-0.025199413,0.00963068,-0.0321846,0.0,2
10-12-2019 00:04:22,7.6341095,5.470993,-2.8451233,-0.0016736984,0.0069918633,0.03588772,0.0,2
10-12-2019 00:04:22,7.629318,5.4805756,-2.8020477,0.082485676,-0.0666728,-0.0142838955,0.0,2
10-12-2019 00:04:22,7.6269226,5.45665,-2.782898,-0.056874275,0.028839588,-0.031588316,0.0,2
10-12-2019 00:04:22,7.636505,5.47818,-2.7111206,-0.038943768,0.04077196,0.01723075,0.0,2
10-12-2019 00:04:22,7.579071,5.470993,-2.6584778,0.021729946,-0.016432285,-0.012534857,0.0,2
10-12-2019 00:04:22,7.579071,5.470993,-2.6584778,-0.028555393,-0.025055408,-0.019714832,0.0,2
10-12-2019 00:04:22,7.588043,5.4638214,-2.613617,-0.015182495,-0.009614468,0.02684617,0.0,2
10-12-2019 00:04:22,7.446274,5.3908386,-3.2602692,-0.02807188,-0.0149412155,-0.076905966,0.0,2
10-12-2019 00:04:22,7.5360107,5.5631256,-2.7924805,-0.025671959,0.029748917,0.04285574,0.0,2
10-12-2019 00:04:22,7.606598,5.5906525,-2.5209045,0.047983646,-0.040544033,0.017753363,0.0,2
10-12-2019 00:04:22,7.6065826,5.4518585,-2.791275,0.015901566,-0.0412035,-0.04448533,0.0,2
10-12-2019 00:04:22,7.5240326,5.527237,-2.7601776,-0.08218241,0.05870104,0.022038937,0.0,2
10-12-2019 00:04:22,7.4785767,5.5224457,-2.8869934,0.044845104,-0.036940575,-0.024069548,0.0,2
10-12-2019 00:04:22,7.459427,5.47818,-2.967163,0.009832859,-0.010104656,-0.0026421547,0.0,2
10-12-2019 00:04:22,7.451065,5.510483,-2.9910736,-0.1030097,0.07689762,-0.016696692,0.0,2
10-12-2019 00:04:22,7.4905396,5.5021057,-3.0963593,0.088448524,-0.044849396,-0.0006015301,0.0,2
10-12-2019 00:04:22,7.595825,5.4889526,-3.1406403,0.032904148,-0.08918905,-0.11778855,0.0,2
10-12-2019 00:04:22,7.647278,5.49852,-3.098755,0.030201912,-0.004337311,0.08782029,0.0,2
10-12-2019 00:04:22,7.4606323,5.5045013,-3.2758331,-0.058259964,0.01628685,-0.104637384,0.0,2
10-12-2019 00:04:22,7.3421783,5.5224457,-3.3392487,0.03651762,-0.023181915,0.015315056,0.0,2
10-12-2019 00:04:22,7.443878,5.523651,-3.0856018,-0.032734394,-0.0033192635,-0.063929796,0.0,2
10-12-2019 00:04:22,7.4618225,5.493744,-3.0317688,0.05513239,-0.035277843,0.032265663,0.0,2
10-12-2019 00:04:22,7.446274,5.510483,-3.2088318,-0.05182457,0.024314404,-0.06050539,0.0,2
10-12-2019 00:04:22,7.418747,5.51886,-3.3033447,-0.016343594,0.017511845,0.027478933,0.0,2
10-12-2019 00:04:22,7.4869537,5.528427,-3.1908875,0.03146696,-0.046687126,-0.055700064,0.0,2
10-12-2019 00:04:22,7.4941254,5.5750885,-3.164566,-0.01635027,0.024762154,0.03925395,0.0,2
10-12-2019 00:04:22,7.386444,5.597824,-3.2830048,-0.006971836,-0.003929615,-0.02545929,0.0,2
10-12-2019 00:04:22,7.3266296,5.6121826,-3.238739,-0.0023303032,-0.011906147,-0.024910212,0.0,2
10-12-2019 00:04:22,7.2476654,5.613373,-3.5653534,-0.017027855,0.0089383125,-0.01180768,0.0,2
10-12-2019 00:04:22,7.3302155,5.637314,-3.7125244,0.0063557625,-0.0059142113,-0.0063359737,0.0,2
10-12-2019 00:04:22,7.2931366,5.700714,-3.789093,-0.0025730133,0.0063996315,0.0016071796,0.0,2
10-12-2019 00:04:22,7.1986237,5.68277,-3.8273773,0.003557682,0.019472599,-0.031665564,0.0,2
10-12-2019 00:04:22,7.282364,5.6145782,-3.4181976,0.021003246,-0.003472805,-0.036039114,0.0,2
10-12-2019 00:04:22,7.4319153,5.5499725,-2.9599762,-0.0012965202,0.006872177,-0.02822709,0.0,2
10-12-2019 00:04:26,7.5635223,5.508087,-2.9408417,0.00023269653,0.01583004,-0.02475524,0.0,3
10-12-2019 00:04:26,7.5599365,5.51886,-2.9288635,0.032034397,-0.00054216385,0.054390192,0.0,3
10-12-2019 00:04:26,7.5934296,5.49852,-2.7350616,-0.017454624,0.025015831,-0.054317474,0.0,3
10-12-2019 00:04:26,7.5611267,5.494934,-2.6417236,0.024183273,-0.0035357475,-0.024320364,0.0,3
10-12-2019 00:04:26,7.5946198,5.5140686,-2.614212,0.018773079,-0.017883778,-0.0014548302,0.0,3
10-12-2019 00:04:26,7.616165,5.4997253,-2.6692505,0.008350849,-0.021992683,0.116844416,0.0,3
10-12-2019 00:04:26,7.5814667,5.514084,-2.6644592,-0.01505661,-0.02064228,-0.17894197,0.0,3
10-12-2019 00:04:26,7.598221,5.503311,-2.6501007,-0.17756414,0.066679,-0.48751903,0.0,3
10-12-2019 00:04:26,7.6173553,5.515274,-2.5986633,0.4820571,-0.39853048,0.44719338,0.0,3
10-12-2019 00:04:26,7.5934296,5.506897,-2.540039,-0.042260647,0.011753082,0.34709883,0.0,3
10-12-2019 00:04:26,7.612564,5.5021057,-2.5101166,-0.34474564,0.21016693,-0.35638022,0.0,3
10-12-2019 00:04:26,7.612564,5.5021057,-2.5101166,-0.09004116,0.042523384,-0.17532635,0.0,3
10-12-2019 00:04:26,7.5766754,5.56192,-2.8929749,0.065105915,0.027689934,0.24677086,0.0,3
10-12-2019 00:04:26,7.538391,5.5499573,-2.8498993,0.063229084,-0.03858185,-0.040797234,0.0,3
10-12-2019 00:04:26,7.4785767,5.552353,-2.7613678,0.009208679,0.0012412071,0.018859625,0.0,3
10-12-2019 00:04:26,7.5407867,5.5451813,-2.921692,-0.06749201,0.059355736,0.0028061867,0.0,3
10-12-2019 00:04:26,7.602997,5.516464,-2.9934692,-0.082519054,0.079910755,-0.0311687,0.0,3
10-12-2019 00:04:26,7.5838623,5.5260315,-3.1011505,-0.015798569,0.0072112083,-0.057339907,0.0,3
10-12-2019 00:04:26,7.5527496,5.5045013,-3.0078278,-0.001627922,0.0065407753,0.039964914,0.0,3
10-12-2019 00:04:26,7.5647125,5.5045013,-2.9192963,-0.008392334,0.0067772865,-0.024702787,0.0,3
10-12-2019 00:04:26,7.6101837,5.5212555,-2.8020477,-0.009196758,0.004611492,-0.010502338,0.0,3
10-12-2019 00:04:26,7.641281,5.45665,-2.7565765,-0.013839245,0.015731812,0.026254177,0.0,3
10-12-2019 00:04:26,7.660431,5.4733887,-2.7470093,0.00033950806,-0.01664877,-0.040870428,0.0,3
10-12-2019 00:04:26,7.607788,5.511673,-2.8044434,0.018296242,-0.012648582,0.008474112,0.0,3
10-12-2019 00:04:26,7.648468,5.487747,-2.7159119,-0.012564182,0.01020813,-0.0053520203,0.0,3
10-12-2019 00:04:26,7.631714,5.4805756,-2.627365,0.018805027,0.028764248,0.02236414,0.0,3
10-12-2019 00:04:26,7.5862427,5.4973145,-2.663269,0.020774841,-0.0015201569,-0.086936474,0.0,3
10-12-2019 00:04:26,7.569504,5.5140686,-2.708725,0.02377081,-0.003358364,0.0138196945,0.0,3
10-12-2019 00:04:26,7.602997,5.557144,-2.782898,-0.029593468,0.05130577,0.052657366,0.0,3
10-12-2019 00:04:26,7.6149597,5.54039,-2.8259735,-0.009419918,-0.031943798,-0.16567922,0.0,3
10-12-2019 00:04:26,7.567108,5.5332184,-2.8307648,0.07415104,-0.041989326,0.22745681,0.0,3
10-12-2019 00:04:26,7.550354,5.54039,-2.881012,-0.039683342,-0.025553226,-0.040220737,0.0,3
10-12-2019 00:04:26,7.562317,5.5308228,-2.9815063,-0.04929924,0.014659882,0.094581604,0.0,3
10-12-2019 00:04:26,7.5647125,5.5212555,-3.0102234,-0.029111862,-0.0044498444,0.03561282,0.0,3
10-12-2019 00:04:26,7.5934296,5.564316,-3.0030518,-0.006508827,-0.029776573,0.014385462,0.0,3
10-12-2019 00:04:26,7.557541,5.5260315,-2.9288635,-0.019280434,-0.0058026314,0.02938509,0.0,3
10-12-2019 00:04:26,7.5336,5.5355988,-2.8642578,-0.0052981377,-0.013584614,-0.0036194324,0.0,3
10-12-2019 00:04:26,7.550354,5.547577,-2.7972565,-0.0058994293,-0.0017681122,0.023651361,0.0,3
10-12-2019 00:04:26,7.57428,5.49971,-2.7924805,-0.023973942,0.007176876,-0.025034666,0.0,3
10-12-2019 00:04:26,7.5718994,5.487747,-2.7805176,-0.0031762123,-0.009628296,-0.0055527687,0.0,3
10-12-2019 00:04:26,7.5814667,5.5021057,-2.852295,-0.009794235,0.023021221,-0.019256353,0.0,3
10-12-2019 00:04:26,7.598221,5.4973145,-2.8834076,0.03443432,0.004199028,-0.010037661,0.0,3
10-12-2019 00:04:26,7.619751,5.506897,-2.8092194,-0.003695488,0.0009226799,-0.036554337,0.0,3
10-12-2019 00:04:26,7.636505,5.461426,-2.7924805,0.0031991005,0.0141716,0.022705793,0.0,3
10-12-2019 00:04:26,7.648468,5.4805756,-2.8211823,0.018268108,-0.020761013,-0.04998374,0.0,3
10-12-2019 00:04:26,7.631714,5.454254,-2.9288635,-0.008763313,0.0042700768,0.004114628,0.0,3
10-12-2019 00:04:26,7.629318,5.45665,-2.9862976,-0.0014762878,0.0016856194,0.010324717,0.0,3
10-12-2019 00:04:26,7.629318,5.45903,-2.9886932,0.010296822,-0.008215427,-0.026348352,0.0,3
10-12-2019 00:04:26,7.612564,5.494934,-2.9527893,-0.041332245,0.034564972,-0.0067698956,0.0,3
10-12-2019 00:04:26,7.6341095,5.466217,-2.914505,0.023728848,-0.012395382,-0.009474993,0.0,3
10-12-2019 00:04:26,7.595825,5.4686127,-2.9240875,0.024579525,-0.020290852,-0.0025475025,0.0,3
10-12-2019 00:04:26,7.607788,5.5021057,-2.950409,-0.025335312,0.011848927,-0.016865969,0.0,3
10-12-2019 00:04:26,7.6101837,5.466217,-2.9982605,0.0042438507,-0.003255844,0.022748947,0.0,3
10-12-2019 00:04:26,7.6101837,5.4853516,-2.9886932,-0.008595467,-0.008097649,-0.017092705,0.0,3
10-12-2019 00:04:26,7.624527,5.5021057,-2.8786163,-0.025199413,0.00963068,-0.0321846,0.0,3
10-12-2019 00:04:26,7.6341095,5.470993,-2.8451233,-0.0016736984,0.0069918633,0.03588772,0.0,3
10-12-2019 00:04:26,7.629318,5.4805756,-2.8020477,0.082485676,-0.0666728,-0.0142838955,0.0,3
10-12-2019 00:04:26,7.6269226,5.45665,-2.782898,-0.056874275,0.028839588,-0.031588316,0.0,3
10-12-2019 00:04:26,7.636505,5.47818,-2.7111206,-0.038943768,0.04077196,0.01723075,0.0,3
10-12-2019 00:04:26,7.579071,5.470993,-2.6584778,0.021729946,-0.016432285,-0.012534857,0.0,3
10-12-2019 00:04:26,7.579071,5.470993,-2.6584778,-0.028555393,-0.025055408,-0.019714832,0.0,3
10-12-2019 00:04:26,7.588043,5.4638214,-2.613617,-0.015182495,-0.009614468,0.02684617,0.0,3
10-12-2019 00:04:26,7.446274,5.3908386,-3.2602692,-0.02807188,-0.0149412155,-0.076905966,0.0,3
10-12-2019 00:04:26,7.5360107,5.5631256,-2.7924805,-0.025671959,0.029748917,0.04285574,0.0,3
10-12-2019 00:04:26,7.606598,5.5906525,-2.5209045,0.047983646,-0.040544033,0.017753363,0.0,3
10-12-2019 00:04:26,7.6065826,5.4518585,-2.791275,0.015901566,-0.0412035,-0.04448533,0.0,3
10-12-2019 00:04:26,7.5240326,5.527237,-2.7601776,-0.08218241,0.05870104,0.022038937,0.0,3
10-12-2019 00:04:26,7.4785767,5.5224457,-2.8869934,0.044845104,-0.036940575,-0.024069548,0.0,3
10-12-2019 00:04:26,7.459427,5.47818,-2.967163,0.009832859,-0.010104656,-0.0026421547,0.0,3
10-12-2019 00:04:26,7.451065,5.510483,-2.9910736,-0.1030097,0.07689762,-0.016696692,0.0,3
10-12-2019 00:04:26,7.4905396,5.5021057,-3.0963593,0.088448524,-0.044849396,-0.0006015301,0.0,3
10-12-2019 00:04:26,7.595825,5.4889526,-3.1406403,0.032904148,-0.08918905,-0.11778855,0.0,3
10-12-2019 00:04:26,7.647278,5.49852,-3.098755,0.030201912,-0.004337311,0.08782029,0.0,3
10-12-2019 00:04:26,7.4606323,5.5045013,-3.2758331,-0.058259964,0.01628685,-0.104637384,0.0,3
10-12-2019 00:04:26,7.3421783,5.5224457,-3.3392487,0.03651762,-0.023181915,0.015315056,0.0,3
10-12-2019 00:04:26,7.443878,5.523651,-3.0856018,-0.032734394,-0.0033192635,-0.063929796,0.0,3
10-12-2019 00:04:26,7.4618225,5.493744,-3.0317688,0.05513239,-0.035277843,0.032265663,0.0,3
10-12-2019 00:04:26,7.446274,5.510483,-3.2088318,-0.05182457,0.024314404,-0.06050539,0.0,3
10-12-2019 00:04:26,7.418747,5.51886,-3.3033447,-0.016343594,0.017511845,0.027478933,0.0,3
10-12-2019 00:04:26,7.4869537,5.528427,-3.1908875,0.03146696,-0.046687126,-0.055700064,0.0,3
10-12-2019 00:04:26,7.4941254,5.5750885,-3.164566,-0.01635027,0.024762154,0.03925395,0.0,3
10-12-2019 00:04:26,7.386444,5.597824,-3.2830048,-0.006971836,-0.003929615,-0.02545929,0.0,3
10-12-2019 00:04:26,7.3266296,5.6121826,-3.238739,-0.0023303032,-0.011906147,-0.024910212,0.0,3
10-12-2019 00:04:26,7.2476654,5.613373,-3.5653534,-0.017027855,0.0089383125,-0.01180768,0.0,3
10-12-2019 00:04:26,7.3302155,5.637314,-3.7125244,0.0063557625,-0.0059142113,-0.0063359737,0.0,3
10-12-2019 00:04:26,7.2931366,5.700714,-3.789093,-0.0025730133,0.0063996315,0.0016071796,0.0,3
10-12-2019 00:04:26,7.1986237,5.68277,-3.8273773,0.003557682,0.019472599,-0.031665564,0.0,3
10-12-2019 00:04:26,7.282364,5.6145782,-3.4181976,0.021003246,-0.003472805,-0.036039114,0.0,3
10-12-2019 00:04:26,7.4319153,5.5499725,-2.9599762,-0.0012965202,0.006872177,-0.02822709,0.0,3
10-12-2019 00:04:26,7.6149597,5.516464,-2.7027435,-0.0013475418,0.020687103,0.016836166,0.0,3
10-12-2019 00:04:26,7.7453766,5.43631,-2.712326,-0.013101101,0.0051465034,-0.026806593,0.0,3
10-12-2019 00:04:26,7.857834,5.4315186,-2.8750305,-0.0042419434,0.0045280457,-0.010390043,0.0,3
10-12-2019 00:04:26,7.9224396,5.3704987,-2.9743347,-0.0013332367,0.0012383461,-0.007486582,0.0,3
10-12-2019 00:04:26,7.8231354,5.3944397,-2.663269,-0.0070290565,0.0044350624,-0.012312412,0.0,3
10-12-2019 00:04:26,7.754944,5.412384,-2.5950623,0.0072999,-0.005701542,-0.0034360886,0.0,3
10-12-2019 00:04:26,7.611374,5.4913483,-2.4790192,-0.011577129,0.0072808266,-0.019078493,0.0,3
10-12-2019 00:04:26,7.423538,5.5870514,-2.490982,-0.0075321198,0.0021214485,-0.0050423145,0.0,3
10-12-2019 00:04:26,7.4008026,5.737808,-2.3689575,0.007461071,-0.013797283,-0.0071372986,0.0,3
10-12-2019 00:04:26,7.3637238,5.7569427,-2.4766235,-0.024111748,0.013242722,-0.011496782,0.0,3
10-12-2019 00:04:26,7.3673096,5.795227,-2.605835,0.01833105,-0.016223907,-0.009810209,0.0,3
10-12-2019 00:04:26,7.238098,5.84906,-2.8367462,-0.026098251,0.020255566,-0.007988453,0.0,3
10-12-2019 00:04:26,6.818161,6.03331,-2.753006,0.0005841255,-0.0081038475,-0.002297163,0.0,3
10-12-2019 00:04:26,6.2283325,6.3348083,-2.9025574,0.0029234886,-0.010924816,-0.030270338,0.0,3
10-12-2019 00:04:26,6.1876526,6.538208,-3.233963,-0.015032768,0.017356396,0.01875019,0.0,3
10-12-2019 00:04:26,6.3647156,6.531021,-3.6634674,0.0029535294,-0.010049343,-0.037608624,0.0,3
10-12-2019 00:04:26,6.456833,6.4987183,-3.6598816,-0.0073423386,-0.0011463165,0.006672859,0.0,3
10-12-2019 00:04:26,6.534607,6.364731,-3.5438232,-0.010008812,-0.007783413,-0.018203497,0.0,3
10-12-2019 00:04:26,6.3467712,6.333618,-3.3057404,0.0037808418,-0.011368275,-0.004946947,0.0,3
10-12-2019 00:04:26,6.289337,6.5441895,-3.1143036,-0.002749443,-0.0017743111,0.0035476685,0.0,3
10-12-2019 00:04:26,6.0979156,6.637497,-3.3799133,-0.0037908554,-0.00370121,-0.019767284,0.0,3
10-12-2019 00:04:26,6.0321198,6.605194,-3.8907776,0.009860992,0.0024614334,0.0059444904,0.0,3
10-12-2019 00:04:26,6.07399,6.580078,-4.265259,-0.0022244453,-0.015683651,-0.023715258,0.0,3
10-12-2019 00:04:26,6.062027,6.6614227,-4.314316,0.009298801,-0.006579876,-0.006490946,0.0,3
10-12-2019 00:04:26,6.0476685,6.654251,-4.211426,0.015129089,-0.016435146,-0.011176109,0.0,3
10-12-2019 00:04:30,7.5635223,5.508087,-2.9408417,0.00023269653,0.01583004,-0.02475524,0.0,4
10-12-2019 00:04:30,7.5599365,5.51886,-2.9288635,0.032034397,-0.00054216385,0.054390192,0.0,4
10-12-2019 00:04:30,7.5934296,5.49852,-2.7350616,-0.017454624,0.025015831,-0.054317474,0.0,4
10-12-2019 00:04:30,7.5611267,5.494934,-2.6417236,0.024183273,-0.0035357475,-0.024320364,0.0,4
10-12-2019 00:04:30,7.5946198,5.5140686,-2.614212,0.018773079,-0.017883778,-0.0014548302,0.0,4
10-12-2019 00:04:30,7.616165,5.4997253,-2.6692505,0.008350849,-0.021992683,0.116844416,0.0,4
10-12-2019 00:04:30,7.5814667,5.514084,-2.6644592,-0.01505661,-0.02064228,-0.17894197,0.0,4
10-12-2019 00:04:30,7.598221,5.503311,-2.6501007,-0.17756414,0.066679,-0.48751903,0.0,4
10-12-2019 00:04:30,7.6173553,5.515274,-2.5986633,0.4820571,-0.39853048,0.44719338,0.0,4
10-12-2019 00:04:30,7.5934296,5.506897,-2.540039,-0.042260647,0.011753082,0.34709883,0.0,4
10-12-2019 00:04:30,7.612564,5.5021057,-2.5101166,-0.34474564,0.21016693,-0.35638022,0.0,4
10-12-2019 00:04:30,7.612564,5.5021057,-2.5101166,-0.09004116,0.042523384,-0.17532635,0.0,4
10-12-2019 00:04:30,7.5766754,5.56192,-2.8929749,0.065105915,0.027689934,0.24677086,0.0,4
10-12-2019 00:04:30,7.538391,5.5499573,-2.8498993,0.063229084,-0.03858185,-0.040797234,0.0,4
10-12-2019 00:04:30,7.4785767,5.552353,-2.7613678,0.009208679,0.0012412071,0.018859625,0.0,4
10-12-2019 00:04:30,7.5407867,5.5451813,-2.921692,-0.06749201,0.059355736,0.0028061867,0.0,4
10-12-2019 00:04:30,7.602997,5.516464,-2.9934692,-0.082519054,0.079910755,-0.0311687,0.0,4
10-12-2019 00:04:30,7.5838623,5.5260315,-3.1011505,-0.015798569,0.0072112083,-0.057339907,0.0,4
10-12-2019 00:04:30,7.5527496,5.5045013,-3.0078278,-0.001627922,0.0065407753,0.039964914,0.0,4
10-12-2019 00:04:30,7.5647125,5.5045013,-2.9192963,-0.008392334,0.0067772865,-0.024702787,0.0,4
10-12-2019 00:04:30,7.6101837,5.5212555,-2.8020477,-0.009196758,0.004611492,-0.010502338,0.0,4
10-12-2019 00:04:30,7.641281,5.45665,-2.7565765,-0.013839245,0.015731812,0.026254177,0.0,4
10-12-2019 00:04:30,7.660431,5.4733887,-2.7470093,0.00033950806,-0.01664877,-0.040870428,0.0,4
10-12-2019 00:04:30,7.607788,5.511673,-2.8044434,0.018296242,-0.012648582,0.008474112,0.0,4
10-12-2019 00:04:30,7.648468,5.487747,-2.7159119,-0.012564182,0.01020813,-0.0053520203,0.0,4
10-12-2019 00:04:30,7.631714,5.4805756,-2.627365,0.018805027,0.028764248,0.02236414,0.0,4
10-12-2019 00:04:30,7.5862427,5.4973145,-2.663269,0.020774841,-0.0015201569,-0.086936474,0.0,4
10-12-2019 00:04:30,7.569504,5.5140686,-2.708725,0.02377081,-0.003358364,0.0138196945,0.0,4
10-12-2019 00:04:30,7.602997,5.557144,-2.782898,-0.029593468,0.05130577,0.052657366,0.0,4
10-12-2019 00:04:30,7.6149597,5.54039,-2.8259735,-0.009419918,-0.031943798,-0.16567922,0.0,4
10-12-2019 00:04:30,7.567108,5.5332184,-2.8307648,0.07415104,-0.041989326,0.22745681,0.0,4
10-12-2019 00:04:30,7.550354,5.54039,-2.881012,-0.039683342,-0.025553226,-0.040220737,0.0,4
10-12-2019 00:04:30,7.562317,5.5308228,-2.9815063,-0.04929924,0.014659882,0.094581604,0.0,4
10-12-2019 00:04:30,7.5647125,5.5212555,-3.0102234,-0.029111862,-0.0044498444,0.03561282,0.0,4
10-12-2019 00:04:30,7.5934296,5.564316,-3.0030518,-0.006508827,-0.029776573,0.014385462,0.0,4
10-12-2019 00:04:30,7.557541,5.5260315,-2.9288635,-0.019280434,-0.0058026314,0.02938509,0.0,4
10-12-2019 00:04:30,7.5336,5.5355988,-2.8642578,-0.0052981377,-0.013584614,-0.0036194324,0.0,4
10-12-2019 00:04:30,7.550354,5.547577,-2.7972565,-0.0058994293,-0.0017681122,0.023651361,0.0,4
10-12-2019 00:04:30,7.57428,5.49971,-2.7924805,-0.023973942,0.007176876,-0.025034666,0.0,4
10-12-2019 00:04:30,7.5718994,5.487747,-2.7805176,-0.0031762123,-0.009628296,-0.0055527687,0.0,4
10-12-2019 00:04:30,7.5814667,5.5021057,-2.852295,-0.009794235,0.023021221,-0.019256353,0.0,4
10-12-2019 00:04:30,7.598221,5.4973145,-2.8834076,0.03443432,0.004199028,-0.010037661,0.0,4
10-12-2019 00:04:30,7.619751,5.506897,-2.8092194,-0.003695488,0.0009226799,-0.036554337,0.0,4
10-12-2019 00:04:30,7.636505,5.461426,-2.7924805,0.0031991005,0.0141716,0.022705793,0.0,4
10-12-2019 00:04:30,7.648468,5.4805756,-2.8211823,0.018268108,-0.020761013,-0.04998374,0.0,4
10-12-2019 00:04:30,7.631714,5.454254,-2.9288635,-0.008763313,0.0042700768,0.004114628,0.0,4
10-12-2019 00:04:30,7.629318,5.45665,-2.9862976,-0.0014762878,0.0016856194,0.010324717,0.0,4
10-12-2019 00:04:30,7.629318,5.45903,-2.9886932,0.010296822,-0.008215427,-0.026348352,0.0,4
10-12-2019 00:04:30,7.612564,5.494934,-2.9527893,-0.041332245,0.034564972,-0.0067698956,0.0,4
10-12-2019 00:04:30,7.6341095,5.466217,-2.914505,0.023728848,-0.012395382,-0.009474993,0.0,4
10-12-2019 00:04:30,7.595825,5.4686127,-2.9240875,0.024579525,-0.020290852,-0.0025475025,0.0,4
10-12-2019 00:04:30,7.607788,5.5021057,-2.950409,-0.025335312,0.011848927,-0.016865969,0.0,4
10-12-2019 00:04:30,7.6101837,5.466217,-2.9982605,0.0042438507,-0.003255844,0.022748947,0.0,4
10-12-2019 00:04:30,7.6101837,5.4853516,-2.9886932,-0.008595467,-0.008097649,-0.017092705,0.0,4
10-12-2019 00:04:30,7.624527,5.5021057,-2.8786163,-0.025199413,0.00963068,-0.0321846,0.0,4
10-12-2019 00:04:30,7.6341095,5.470993,-2.8451233,-0.0016736984,0.0069918633,0.03588772,0.0,4
10-12-2019 00:04:30,7.629318,5.4805756,-2.8020477,0.082485676,-0.0666728,-0.0142838955,0.0,4
10-12-2019 00:04:30,7.6269226,5.45665,-2.782898,-0.056874275,0.028839588,-0.031588316,0.0,4
10-12-2019 00:04:30,7.636505,5.47818,-2.7111206,-0.038943768,0.04077196,0.01723075,0.0,4
10-12-2019 00:04:30,7.579071,5.470993,-2.6584778,0.021729946,-0.016432285,-0.012534857,0.0,4
10-12-2019 00:04:30,7.579071,5.470993,-2.6584778,-0.028555393,-0.025055408,-0.019714832,0.0,4
10-12-2019 00:04:30,7.588043,5.4638214,-2.613617,-0.015182495,-0.009614468,0.02684617,0.0,4
10-12-2019 00:04:30,7.446274,5.3908386,-3.2602692,-0.02807188,-0.0149412155,-0.076905966,0.0,4
10-12-2019 00:04:30,7.5360107,5.5631256,-2.7924805,-0.025671959,0.029748917,0.04285574,0.0,4
10-12-2019 00:04:30,7.606598,5.5906525,-2.5209045,0.047983646,-0.040544033,0.017753363,0.0,4
10-12-2019 00:04:30,7.6065826,5.4518585,-2.791275,0.015901566,-0.0412035,-0.04448533,0.0,4
10-12-2019 00:04:30,7.5240326,5.527237,-2.7601776,-0.08218241,0.05870104,0.022038937,0.0,4
10-12-2019 00:04:30,7.4785767,5.5224457,-2.8869934,0.044845104,-0.036940575,-0.024069548,0.0,4
10-12-2019 00:04:30,7.459427,5.47818,-2.967163,0.009832859,-0.010104656,-0.0026421547,0.0,4
10-12-2019 00:04:30,7.451065,5.510483,-2.9910736,-0.1030097,0.07689762,-0.016696692,0.0,4
10-12-2019 00:04:30,7.4905396,5.5021057,-3.0963593,0.088448524,-0.044849396,-0.0006015301,0.0,4
10-12-2019 00:04:30,7.595825,5.4889526,-3.1406403,0.032904148,-0.08918905,-0.11778855,0.0,4
10-12-2019 00:04:30,7.647278,5.49852,-3.098755,0.030201912,-0.004337311,0.08782029,0.0,4
10-12-2019 00:04:30,7.4606323,5.5045013,-3.2758331,-0.058259964,0.01628685,-0.104637384,0.0,4
10-12-2019 00:04:30,7.3421783,5.5224457,-3.3392487,0.03651762,-0.023181915,0.015315056,0.0,4
10-12-2019 00:04:30,7.443878,5.523651,-3.0856018,-0.032734394,-0.0033192635,-0.063929796,0.0,4
10-12-2019 00:04:30,7.4618225,5.493744,-3.0317688,0.05513239,-0.035277843,0.032265663,0.0,4
10-12-2019 00:04:30,7.446274,5.510483,-3.2088318,-0.05182457,0.024314404,-0.06050539,0.0,4
10-12-2019 00:04:30,7.418747,5.51886,-3.3033447,-0.016343594,0.017511845,0.027478933,0.0,4
10-12-2019 00:04:30,7.4869537,5.528427,-3.1908875,0.03146696,-0.046687126,-0.055700064,0.0,4
10-12-2019 00:04:30,7.4941254,5.5750885,-3.164566,-0.01635027,0.024762154,0.03925395,0.0,4
10-12-2019 00:04:30,7.386444,5.597824,-3.2830048,-0.006971836,-0.003929615,-0.02545929,0.0,4
10-12-2019 00:04:30,7.3266296,5.6121826,-3.238739,-0.0023303032,-0.011906147,-0.024910212,0.0,4
10-12-2019 00:04:30,7.2476654,5.613373,-3.5653534,-0.017027855,0.0089383125,-0.01180768,0.0,4
10-12-2019 00:04:30,7.3302155,5.637314,-3.7125244,0.0063557625,-0.0059142113,-0.0063359737,0.0,4
10-12-2019 00:04:30,7.2931366,5.700714,-3.789093,-0.0025730133,0.0063996315,0.0016071796,0.0,4
10-12-2019 00:04:30,7.1986237,5.68277,-3.8273773,0.003557682,0.019472599,-0.031665564,0.0,4
10-12-2019 00:04:30,7.282364,5.6145782,-3.4181976,0.021003246,-0.003472805,-0.036039114,0.0,4
10-12-2019 00:04:30,7.4319153,5.5499725,-2.9599762,-0.0012965202,0.006872177,-0.02822709,0.0,4
10-12-2019 00:04:30,7.6149597,5.516464,-2.7027435,-0.0013475418,0.020687103,0.016836166,0.0,4
10-12-2019 00:04:30,7.7453766,5.43631,-2.712326,-0.013101101,0.0051465034,-0.026806593,0.0,4
10-12-2019 00:04:30,7.857834,5.4315186,-2.8750305,-0.0042419434,0.0045280457,-0.010390043,0.0,4
10-12-2019 00:04:30,7.9224396,5.3704987,-2.9743347,-0.0013332367,0.0012383461,-0.007486582,0.0,4
10-12-2019 00:04:30,7.8231354,5.3944397,-2.663269,-0.0070290565,0.0044350624,-0.012312412,0.0,4
10-12-2019 00:04:30,7.754944,5.412384,-2.5950623,0.0072999,-0.005701542,-0.0034360886,0.0,4
10-12-2019 00:04:30,7.611374,5.4913483,-2.4790192,-0.011577129,0.0072808266,-0.019078493,0.0,4
10-12-2019 00:04:30,7.423538,5.5870514,-2.490982,-0.0075321198,0.0021214485,-0.0050423145,0.0,4
10-12-2019 00:04:30,7.4008026,5.737808,-2.3689575,0.007461071,-0.013797283,-0.0071372986,0.0,4
10-12-2019 00:04:30,7.3637238,5.7569427,-2.4766235,-0.024111748,0.013242722,-0.011496782,0.0,4
10-12-2019 00:04:30,7.3673096,5.795227,-2.605835,0.01833105,-0.016223907,-0.009810209,0.0,4
10-12-2019 00:04:30,7.238098,5.84906,-2.8367462,-0.026098251,0.020255566,-0.007988453,0.0,4
10-12-2019 00:04:30,6.818161,6.03331,-2.753006,0.0005841255,-0.0081038475,-0.002297163,0.0,4
10-12-2019 00:04:30,6.2283325,6.3348083,-2.9025574,0.0029234886,-0.010924816,-0.030270338,0.0,4
10-12-2019 00:04:30,6.1876526,6.538208,-3.233963,-0.015032768,0.017356396,0.01875019,0.0,4
10-12-2019 00:04:30,6.3647156,6.531021,-3.6634674,0.0029535294,-0.010049343,-0.037608624,0.0,4
10-12-2019 00:04:30,6.456833,6.4987183,-3.6598816,-0.0073423386,-0.0011463165,0.006672859,0.0,4
10-12-2019 00:04:30,6.534607,6.364731,-3.5438232,-0.010008812,-0.007783413,-0.018203497,0.0,4
10-12-2019 00:04:30,6.3467712,6.333618,-3.3057404,0.0037808418,-0.011368275,-0.004946947,0.0,4
10-12-2019 00:04:30,6.289337,6.5441895,-3.1143036,-0.002749443,-0.0017743111,0.0035476685,0.0,4
10-12-2019 00:04:30,6.0979156,6.637497,-3.3799133,-0.0037908554,-0.00370121,-0.019767284,0.0,4
10-12-2019 00:04:30,6.0321198,6.605194,-3.8907776,0.009860992,0.0024614334,0.0059444904,0.0,4
10-12-2019 00:04:30,6.07399,6.580078,-4.265259,-0.0022244453,-0.015683651,-0.023715258,0.0,4
10-12-2019 00:04:30,6.062027,6.6614227,-4.314316,0.009298801,-0.006579876,-0.006490946,0.0,4
10-12-2019 00:04:30,6.0476685,6.654251,-4.211426,0.015129089,-0.016435146,-0.011176109,0.0,4
10-12-2019 00:04:30,6.181671,6.568115,-4.018799,-0.017364502,0.011965752,0.014948845,0.0,4
10-12-2019 00:04:30,6.336014,6.4472656,-3.7567902,-0.00051164627,-0.0066752434,-0.036643982,0.0,4
10-12-2019 00:04:30,6.399414,6.3300323,-3.623993,0.031004429,-0.014494896,0.026654005,0.0,4
10-12-2019 00:04:30,6.4293213,6.230728,-3.677826,-0.022853374,-0.006214142,-0.045011282,0.0,4
10-12-2019 00:04:30,6.4353027,6.313278,-3.8130188,0.012735844,-0.0037674904,0.040801764,0.0,4
10-12-2019 00:04:30,6.480774,6.3108826,-3.8847961,-0.004981518,-0.008215427,-0.050035477,0.0,4
10-12-2019 00:04:30,6.6147614,6.3013153,-3.842926,-0.0053725243,0.0034394264,0.024590015,0.0,4
10-12-2019 00:04:30,6.636307,6.2379,-3.785492,0.004673481,-0.020250797,-0.03506732,0.0,4
10-12-2019 00:04:30,6.6267242,6.242691,-3.69458,0.008888245,0.00407362,0.029152632,0.0,4
10-12-2019 00:04:30,6.6506653,6.2211456,-3.7089386,-0.008052349,-0.00998497,-0.035167694,0.0,4
10-12-2019 00:04:30,6.6710052,6.202011,-3.6144104,-0.0032572746,0.0049824715,0.023973465,0.0,4
10-12-2019 00:04:30,6.748764,6.188843,-3.4253845,0.008713245,-0.018285275,-0.034763813,0.0,4
10-12-2019 00:04:30,6.8660126,6.161331,-3.205246,-0.0016012192,-0.0059928894,0.004812002,0.0,4
10-12-2019 00:04:30,6.863617,6.1302185,-3.127472,0.008920193,-0.00633955,-0.0012648106,0.0,4
10-12-2019 00:04:30,6.909088,6.1385956,-3.1334534,-0.013212681,-0.0007071495,-0.014030218,0.0,4
10-12-2019 00:04:30,6.9892426,6.111084,-3.1454163,0.023420334,-0.0121665,0.01328516,0.0,4
10-12-2019 00:04:30,7.0179596,6.1086884,-3.0497131,-0.003683567,-0.011264324,-0.026355743,0.0,4
10-12-2019 00:04:30,7.037094,6.102707,-2.9575806,0.0049700737,-0.010965347,-0.009679556,0.0,4
10-12-2019 00:04:30,7.0550385,6.1051025,-2.901352,0.0028743744,-0.0037426949,-0.0022330284,0.0,4
10-12-2019 00:04:30,7.0059967,6.1062927,-2.9264832,0.0044002533,-0.0029792786,0.00052046776,0.0,4
10-12-2019 00:04:30,7.0059967,6.148163,-2.909729,0.0070409775,-0.017888546,-0.015003204,0.0,4
10-12-2019 00:04:34,7.5635223,5.508087,-2.9408417,0.00023269653,0.01583004,-0.02475524,0.0,4
10-12-2019 00:04:34,7.5599365,5.51886,-2.9288635,0.032034397,-0.00054216385,0.054390192,0.0,4
10-12-2019 00:04:34,7.5934296,5.49852,-2.7350616,-0.017454624,0.025015831,-0.054317474,0.0,4
10-12-2019 00:04:34,7.5611267,5.494934,-2.6417236,0.024183273,-0.0035357475,-0.024320364,0.0,4
10-12-2019 00:04:34,7.5946198,5.5140686,-2.614212,0.018773079,-0.017883778,-0.0014548302,0.0,4
10-12-2019 00:04:34,7.616165,5.4997253,-2.6692505,0.008350849,-0.021992683,0.116844416,0.0,4
10-12-2019 00:04:34,7.5814667,5.514084,-2.6644592,-0.01505661,-0.02064228,-0.17894197,0.0,4
10-12-2019 00:04:34,7.598221,5.503311,-2.6501007,-0.17756414,0.066679,-0.48751903,0.0,4
10-12-2019 00:04:34,7.6173553,5.515274,-2.5986633,0.4820571,-0.39853048,0.44719338,0.0,4
10-12-2019 00:04:34,7.5934296,5.506897,-2.540039,-0.042260647,0.011753082,0.34709883,0.0,4
10-12-2019 00:04:34,7.612564,5.5021057,-2.5101166,-0.34474564,0.21016693,-0.35638022,0.0,4
10-12-2019 00:04:34,7.612564,5.5021057,-2.5101166,-0.09004116,0.042523384,-0.17532635,0.0,4
10-12-2019 00:04:34,7.5766754,5.56192,-2.8929749,0.065105915,0.027689934,0.24677086,0.0,4
10-12-2019 00:04:34,7.538391,5.5499573,-2.8498993,0.063229084,-0.03858185,-0.040797234,0.0,4
10-12-2019 00:04:34,7.4785767,5.552353,-2.7613678,0.009208679,0.0012412071,0.018859625,0.0,4
10-12-2019 00:04:34,7.5407867,5.5451813,-2.921692,-0.06749201,0.059355736,0.0028061867,0.0,4
10-12-2019 00:04:34,7.602997,5.516464,-2.9934692,-0.082519054,0.079910755,-0.0311687,0.0,4
10-12-2019 00:04:34,7.5838623,5.5260315,-3.1011505,-0.015798569,0.0072112083,-0.057339907,0.0,4
10-12-2019 00:04:34,7.5527496,5.5045013,-3.0078278,-0.001627922,0.0065407753,0.039964914,0.0,4
10-12-2019 00:04:34,7.5647125,5.5045013,-2.9192963,-0.008392334,0.0067772865,-0.024702787,0.0,4
10-12-2019 00:04:34,7.6101837,5.5212555,-2.8020477,-0.009196758,0.004611492,-0.010502338,0.0,4
10-12-2019 00:04:34,7.641281,5.45665,-2.7565765,-0.013839245,0.015731812,0.026254177,0.0,4
10-12-2019 00:04:34,7.660431,5.4733887,-2.7470093,0.00033950806,-0.01664877,-0.040870428,0.0,4
10-12-2019 00:04:34,7.607788,5.511673,-2.8044434,0.018296242,-0.012648582,0.008474112,0.0,4
10-12-2019 00:04:34,7.648468,5.487747,-2.7159119,-0.012564182,0.01020813,-0.0053520203,0.0,4
10-12-2019 00:04:34,7.631714,5.4805756,-2.627365,0.018805027,0.028764248,0.02236414,0.0,4
10-12-2019 00:04:34,7.5862427,5.4973145,-2.663269,0.020774841,-0.0015201569,-0.086936474,0.0,4
10-12-2019 00:04:34,7.569504,5.5140686,-2.708725,0.02377081,-0.003358364,0.0138196945,0.0,4
10-12-2019 00:04:34,7.602997,5.557144,-2.782898,-0.029593468,0.05130577,0.052657366,0.0,4
10-12-2019 00:04:34,7.6149597,5.54039,-2.8259735,-0.009419918,-0.031943798,-0.16567922,0.0,4
10-12-2019 00:04:34,7.567108,5.5332184,-2.8307648,0.07415104,-0.041989326,0.22745681,0.0,4
10-12-2019 00:04:34,7.550354,5.54039,-2.881012,-0.039683342,-0.025553226,-0.040220737,0.0,4
10-12-2019 00:04:34,7.562317,5.5308228,-2.9815063,-0.04929924,0.014659882,0.094581604,0.0,4
10-12-2019 00:04:34,7.5647125,5.5212555,-3.0102234,-0.029111862,-0.0044498444,0.03561282,0.0,4
10-12-2019 00:04:34,7.5934296,5.564316,-3.0030518,-0.006508827,-0.029776573,0.014385462,0.0,4
10-12-2019 00:04:34,7.557541,5.5260315,-2.9288635,-0.019280434,-0.0058026314,0.02938509,0.0,4
10-12-2019 00:04:34,7.5336,5.5355988,-2.8642578,-0.0052981377,-0.013584614,-0.0036194324,0.0,4
10-12-2019 00:04:34,7.550354,5.547577,-2.7972565,-0.0058994293,-0.0017681122,0.023651361,0.0,4
10-12-2019 00:04:34,7.57428,5.49971,-2.7924805,-0.023973942,0.007176876,-0.025034666,0.0,4
10-12-2019 00:04:34,7.5718994,5.487747,-2.7805176,-0.0031762123,-0.009628296,-0.0055527687,0.0,4
10-12-2019 00:04:34,7.5814667,5.5021057,-2.852295,-0.009794235,0.023021221,-0.019256353,0.0,4
10-12-2019 00:04:34,7.598221,5.4973145,-2.8834076,0.03443432,0.004199028,-0.010037661,0.0,4
10-12-2019 00:04:34,7.619751,5.506897,-2.8092194,-0.003695488,0.0009226799,-0.036554337,0.0,4
10-12-2019 00:04:34,7.636505,5.461426,-2.7924805,0.0031991005,0.0141716,0.022705793,0.0,4
10-12-2019 00:04:34,7.648468,5.4805756,-2.8211823,0.018268108,-0.020761013,-0.04998374,0.0,4
10-12-2019 00:04:34,7.631714,5.454254,-2.9288635,-0.008763313,0.0042700768,0.004114628,0.0,4
10-12-2019 00:04:34,7.629318,5.45665,-2.9862976,-0.0014762878,0.0016856194,0.010324717,0.0,4
10-12-2019 00:04:34,7.629318,5.45903,-2.9886932,0.010296822,-0.008215427,-0.026348352,0.0,4
10-12-2019 00:04:34,7.612564,5.494934,-2.9527893,-0.041332245,0.034564972,-0.0067698956,0.0,4
10-12-2019 00:04:34,7.6341095,5.466217,-2.914505,0.023728848,-0.012395382,-0.009474993,0.0,4
10-12-2019 00:04:34,7.595825,5.4686127,-2.9240875,0.024579525,-0.020290852,-0.0025475025,0.0,4
10-12-2019 00:04:34,7.607788,5.5021057,-2.950409,-0.025335312,0.011848927,-0.016865969,0.0,4
10-12-2019 00:04:34,7.6101837,5.466217,-2.9982605,0.0042438507,-0.003255844,0.022748947,0.0,4
10-12-2019 00:04:34,7.6101837,5.4853516,-2.9886932,-0.008595467,-0.008097649,-0.017092705,0.0,4
10-12-2019 00:04:34,7.624527,5.5021057,-2.8786163,-0.025199413,0.00963068,-0.0321846,0.0,4
10-12-2019 00:04:34,7.6341095,5.470993,-2.8451233,-0.0016736984,0.0069918633,0.03588772,0.0,4
10-12-2019 00:04:34,7.629318,5.4805756,-2.8020477,0.082485676,-0.0666728,-0.0142838955,0.0,4
10-12-2019 00:04:34,7.6269226,5.45665,-2.782898,-0.056874275,0.028839588,-0.031588316,0.0,4
10-12-2019 00:04:34,7.636505,5.47818,-2.7111206,-0.038943768,0.04077196,0.01723075,0.0,4
10-12-2019 00:04:34,7.579071,5.470993,-2.6584778,0.021729946,-0.016432285,-0.012534857,0.0,4
10-12-2019 00:04:34,7.579071,5.470993,-2.6584778,-0.028555393,-0.025055408,-0.019714832,0.0,4
10-12-2019 00:04:34,7.588043,5.4638214,-2.613617,-0.015182495,-0.009614468,0.02684617,0.0,4
10-12-2019 00:04:34,7.446274,5.3908386,-3.2602692,-0.02807188,-0.0149412155,-0.076905966,0.0,4
10-12-2019 00:04:34,7.5360107,5.5631256,-2.7924805,-0.025671959,0.029748917,0.04285574,0.0,4
10-12-2019 00:04:34,7.606598,5.5906525,-2.5209045,0.047983646,-0.040544033,0.017753363,0.0,4
10-12-2019 00:04:34,7.6065826,5.4518585,-2.791275,0.015901566,-0.0412035,-0.04448533,0.0,4
10-12-2019 00:04:34,7.5240326,5.527237,-2.7601776,-0.08218241,0.05870104,0.022038937,0.0,4
10-12-2019 00:04:34,7.4785767,5.5224457,-2.8869934,0.044845104,-0.036940575,-0.024069548,0.0,4
10-12-2019 00:04:34,7.459427,5.47818,-2.967163,0.009832859,-0.010104656,-0.0026421547,0.0,4
10-12-2019 00:04:34,7.451065,5.510483,-2.9910736,-0.1030097,0.07689762,-0.016696692,0.0,4
10-12-2019 00:04:34,7.4905396,5.5021057,-3.0963593,0.088448524,-0.044849396,-0.0006015301,0.0,4
10-12-2019 00:04:34,7.595825,5.4889526,-3.1406403,0.032904148,-0.08918905,-0.11778855,0.0,4
10-12-2019 00:04:34,7.647278,5.49852,-3.098755,0.030201912,-0.004337311,0.08782029,0.0,4
10-12-2019 00:04:34,7.4606323,5.5045013,-3.2758331,-0.058259964,0.01628685,-0.104637384,0.0,4
10-12-2019 00:04:34,7.3421783,5.5224457,-3.3392487,0.03651762,-0.023181915,0.015315056,0.0,4
10-12-2019 00:04:34,7.443878,5.523651,-3.0856018,-0.032734394,-0.0033192635,-0.063929796,0.0,4
10-12-2019 00:04:34,7.4618225,5.493744,-3.0317688,0.05513239,-0.035277843,0.032265663,0.0,4
10-12-2019 00:04:34,7.446274,5.510483,-3.2088318,-0.05182457,0.024314404,-0.06050539,0.0,4
10-12-2019 00:04:34,7.418747,5.51886,-3.3033447,-0.016343594,0.017511845,0.027478933,0.0,4
10-12-2019 00:04:34,7.4869537,5.528427,-3.1908875,0.03146696,-0.046687126,-0.055700064,0.0,4
10-12-2019 00:04:34,7.4941254,5.5750885,-3.164566,-0.01635027,0.024762154,0.03925395,0.0,4
10-12-2019 00:04:34,7.386444,5.597824,-3.2830048,-0.006971836,-0.003929615,-0.02545929,0.0,4
10-12-2019 00:04:34,7.3266296,5.6121826,-3.238739,-0.0023303032,-0.011906147,-0.024910212,0.0,4
10-12-2019 00:04:34,7.2476654,5.613373,-3.5653534,-0.017027855,0.0089383125,-0.01180768,0.0,4
10-12-2019 00:04:34,7.3302155,5.637314,-3.7125244,0.0063557625,-0.0059142113,-0.0063359737,0.0,4
10-12-2019 00:04:34,7.2931366,5.700714,-3.789093,-0.0025730133,0.0063996315,0.0016071796,0.0,4
10-12-2019 00:04:34,7.1986237,5.68277,-3.8273773,0.003557682,0.019472599,-0.031665564,0.0,4
10-12-2019 00:04:34,7.282364,5.6145782,-3.4181976,0.021003246,-0.003472805,-0.036039114,0.0,4
10-12-2019 00:04:34,7.4319153,5.5499725,-2.9599762,-0.0012965202,0.006872177,-0.02822709,0.0,4
10-12-2019 00:04:34,7.6149597,5.516464,-2.7027435,-0.0013475418,0.020687103,0.016836166,0.0,4
10-12-2019 00:04:34,7.7453766,5.43631,-2.712326,-0.013101101,0.0051465034,-0.026806593,0.0,4
10-12-2019 00:04:34,7.857834,5.4315186,-2.8750305,-0.0042419434,0.0045280457,-0.010390043,0.0,4
10-12-2019 00:04:34,7.9224396,5.3704987,-2.9743347,-0.0013332367,0.0012383461,-0.007486582,0.0,4
10-12-2019 00:04:34,7.8231354,5.3944397,-2.663269,-0.0070290565,0.0044350624,-0.012312412,0.0,4
10-12-2019 00:04:34,7.754944,5.412384,-2.5950623,0.0072999,-0.005701542,-0.0034360886,0.0,4
10-12-2019 00:04:34,7.611374,5.4913483,-2.4790192,-0.011577129,0.0072808266,-0.019078493,0.0,4
10-12-2019 00:04:34,7.423538,5.5870514,-2.490982,-0.0075321198,0.0021214485,-0.0050423145,0.0,4
10-12-2019 00:04:34,7.4008026,5.737808,-2.3689575,0.007461071,-0.013797283,-0.0071372986,0.0,4
10-12-2019 00:04:34,7.3637238,5.7569427,-2.4766235,-0.024111748,0.013242722,-0.011496782,0.0,4
10-12-2019 00:04:34,7.3673096,5.795227,-2.605835,0.01833105,-0.016223907,-0.009810209,0.0,4
10-12-2019 00:04:34,7.238098,5.84906,-2.8367462,-0.026098251,0.020255566,-0.007988453,0.0,4
10-12-2019 00:04:34,6.818161,6.03331,-2.753006,0.0005841255,-0.0081038475,-0.002297163,0.0,4
10-12-2019 00:04:34,6.2283325,6.3348083,-2.9025574,0.0029234886,-0.010924816,-0.030270338,0.0,4
10-12-2019 00:04:34,6.1876526,6.538208,-3.233963,-0.015032768,0.017356396,0.01875019,0.0,4
10-12-2019 00:04:34,6.3647156,6.531021,-3.6634674,0.0029535294,-0.010049343,-0.037608624,0.0,4
10-12-2019 00:04:34,6.456833,6.4987183,-3.6598816,-0.0073423386,-0.0011463165,0.006672859,0.0,4
10-12-2019 00:04:34,6.534607,6.364731,-3.5438232,-0.010008812,-0.007783413,-0.018203497,0.0,4
10-12-2019 00:04:34,6.3467712,6.333618,-3.3057404,0.0037808418,-0.011368275,-0.004946947,0.0,4
10-12-2019 00:04:34,6.289337,6.5441895,-3.1143036,-0.002749443,-0.0017743111,0.0035476685,0.0,4
10-12-2019 00:04:34,6.0979156,6.637497,-3.3799133,-0.0037908554,-0.00370121,-0.019767284,0.0,4
10-12-2019 00:04:34,6.0321198,6.605194,-3.8907776,0.009860992,0.0024614334,0.0059444904,0.0,4
10-12-2019 00:04:34,6.07399,6.580078,-4.265259,-0.0022244453,-0.015683651,-0.023715258,0.0,4
10-12-2019 00:04:34,6.062027,6.6614227,-4.314316,0.009298801,-0.006579876,-0.006490946,0.0,4
10-12-2019 00:04:34,6.0476685,6.654251,-4.211426,0.015129089,-0.016435146,-0.011176109,0.0,4
10-12-2019 00:04:34,6.181671,6.568115,-4.018799,-0.017364502,0.011965752,0.014948845,0.0,4
10-12-2019 00:04:34,6.336014,6.4472656,-3.7567902,-0.00051164627,-0.0066752434,-0.036643982,0.0,4
10-12-2019 00:04:34,6.399414,6.3300323,-3.623993,0.031004429,-0.014494896,0.026654005,0.0,4
10-12-2019 00:04:34,6.4293213,6.230728,-3.677826,-0.022853374,-0.006214142,-0.045011282,0.0,4
10-12-2019 00:04:34,6.4353027,6.313278,-3.8130188,0.012735844,-0.0037674904,0.040801764,0.0,4
10-12-2019 00:04:34,6.480774,6.3108826,-3.8847961,-0.004981518,-0.008215427,-0.050035477,0.0,4
10-12-2019 00:04:34,6.6147614,6.3013153,-3.842926,-0.0053725243,0.0034394264,0.024590015,0.0,4
10-12-2019 00:04:34,6.636307,6.2379,-3.785492,0.004673481,-0.020250797,-0.03506732,0.0,4
10-12-2019 00:04:34,6.6267242,6.242691,-3.69458,0.008888245,0.00407362,0.029152632,0.0,4
10-12-2019 00:04:34,6.6506653,6.2211456,-3.7089386,-0.008052349,-0.00998497,-0.035167694,0.0,4
10-12-2019 00:04:34,6.6710052,6.202011,-3.6144104,-0.0032572746,0.0049824715,0.023973465,0.0,4
10-12-2019 00:04:34,6.748764,6.188843,-3.4253845,0.008713245,-0.018285275,-0.034763813,0.0,4
10-12-2019 00:04:34,6.8660126,6.161331,-3.205246,-0.0016012192,-0.0059928894,0.004812002,0.0,4
10-12-2019 00:04:34,6.863617,6.1302185,-3.127472,0.008920193,-0.00633955,-0.0012648106,0.0,4
10-12-2019 00:04:34,6.909088,6.1385956,-3.1334534,-0.013212681,-0.0007071495,-0.014030218,0.0,4
10-12-2019 00:04:34,6.9892426,6.111084,-3.1454163,0.023420334,-0.0121665,0.01328516,0.0,4
10-12-2019 00:04:34,7.0179596,6.1086884,-3.0497131,-0.003683567,-0.011264324,-0.026355743,0.0,4
10-12-2019 00:04:34,7.037094,6.102707,-2.9575806,0.0049700737,-0.010965347,-0.009679556,0.0,4
10-12-2019 00:04:34,7.0550385,6.1051025,-2.901352,0.0028743744,-0.0037426949,-0.0022330284,0.0,4
10-12-2019 00:04:34,7.0059967,6.1062927,-2.9264832,0.0044002533,-0.0029792786,0.00052046776,0.0,4
10-12-2019 00:04:34,7.0059967,6.148163,-2.909729,0.0070409775,-0.017888546,-0.015003204,0.0,4
10-12-2019 00:04:34,7.0382996,6.1374054,-2.881012,-0.0074152946,-0.0011639595,0.0048873425,0.0,4
10-12-2019 00:04:34,7.035904,6.1661224,-2.8020477,0.005261421,-0.0059223175,-0.013689995,0.0,4
10-12-2019 00:04:34,7.015564,6.1374054,-2.806839,-0.016263485,0.004322052,-0.008982182,0.0,4
10-12-2019 00:04:34,7.0825653,6.1266327,-2.766159,0.012535572,-0.007777214,0.0013608932,0.0,4
10-12-2019 00:04:34,7.134018,6.0440826,-2.7757263,0.0026745796,-0.015039921,-0.012587786,0.0,4
10-12-2019 00:04:34,7.16391,5.986664,-2.9396362,0.0052285194,-0.005256176,-0.011538744,0.0,4
10-12-2019 00:04:34,7.1399994,5.9902496,-3.1872864,-0.008982182,0.0016121864,-0.011312246,0.0,4
10-12-2019 00:04:34,7.101715,5.9830627,-3.3763275,0.009223461,-0.008239269,0.00849247,0.0,4
10-12-2019 00:04:34,7.0131683,5.9926453,-3.424179,-0.005970478,-0.0055356026,-0.012629509,0.0,4
10-12-2019 00:04:34,6.966522,6.058441,-3.333252,0.009983063,-0.006196499,-7.390976e-05,0.0,4
10-12-2019 00:04:34,6.9689026,6.045273,-3.2865906,-0.008338928,-0.00015830994,-0.019099712,0.0,4
10-12-2019 00:04:34,7.020355,6.0357056,-3.1705475,0.0018801689,-0.008687973,-0.0055475235,0.0,4
10-12-2019 00:04:34,7.0622253,6.036911,-3.1059418,0.011080742,-0.016741276,0.0023760796,0.0,4
10-12-2019 00:04:34,7.068207,6.0345154,-3.0796204,-0.009139538,-0.0052781105,-0.023581505,0.0,4
10-12-2019 00:04:34,7.064621,6.0309296,-3.0987701,0.011322498,-0.0048208237,0.017877817,0.0,4
10-12-2019 00:04:34,7.0550537,6.045273,-3.1609802,-0.002418995,-0.0069704056,-0.019172907,0.0,4
10-12-2019 00:04:34,7.011978,6.0548553,-3.1741333,-0.0020136833,-0.0005326271,0.010191441,0.0,4
10-12-2019 00:04:34,7.022751,6.066818,-3.169342,0.010708332,-0.018746376,-0.026708126,0.0,4
10-12-2019 00:04:34,6.990448,6.058441,-3.1813202,0.0026564598,0.00072956085,0.016789675,0.0,4
10-12-2019 00:04:34,6.974884,6.0727997,-3.1908875,0.0029315948,-0.0071201324,-0.022668123,0.0,4
10-12-2019 00:04:39,7.5635223,5.508087,-2.9408417,0.00023269653,0.01583004,-0.02475524,0.0,3
10-12-2019 00:04:39,7.5599365,5.51886,-2.9288635,0.032034397,-0.00054216385,0.054390192,0.0,3
10-12-2019 00:04:39,7.5934296,5.49852,-2.7350616,-0.017454624,0.025015831,-0.054317474,0.0,3
10-12-2019 00:04:39,7.5611267,5.494934,-2.6417236,0.024183273,-0.0035357475,-0.024320364,0.0,3
10-12-2019 00:04:39,7.5946198,5.5140686,-2.614212,0.018773079,-0.017883778,-0.0014548302,0.0,3
10-12-2019 00:04:39,7.616165,5.4997253,-2.6692505,0.008350849,-0.021992683,0.116844416,0.0,3
10-12-2019 00:04:39,7.5814667,5.514084,-2.6644592,-0.01505661,-0.02064228,-0.17894197,0.0,3
10-12-2019 00:04:39,7.598221,5.503311,-2.6501007,-0.17756414,0.066679,-0.48751903,0.0,3
10-12-2019 00:04:39,7.6173553,5.515274,-2.5986633,0.4820571,-0.39853048,0.44719338,0.0,3
10-12-2019 00:04:39,7.5934296,5.506897,-2.540039,-0.042260647,0.011753082,0.34709883,0.0,3
10-12-2019 00:04:39,7.612564,5.5021057,-2.5101166,-0.34474564,0.21016693,-0.35638022,0.0,3
10-12-2019 00:04:39,7.612564,5.5021057,-2.5101166,-0.09004116,0.042523384,-0.17532635,0.0,3
10-12-2019 00:04:39,7.5766754,5.56192,-2.8929749,0.065105915,0.027689934,0.24677086,0.0,3
10-12-2019 00:04:39,7.538391,5.5499573,-2.8498993,0.063229084,-0.03858185,-0.040797234,0.0,3
10-12-2019 00:04:39,7.4785767,5.552353,-2.7613678,0.009208679,0.0012412071,0.018859625,0.0,3
10-12-2019 00:04:39,7.5407867,5.5451813,-2.921692,-0.06749201,0.059355736,0.0028061867,0.0,3
10-12-2019 00:04:39,7.602997,5.516464,-2.9934692,-0.082519054,0.079910755,-0.0311687,0.0,3
10-12-2019 00:04:39,7.5838623,5.5260315,-3.1011505,-0.015798569,0.0072112083,-0.057339907,0.0,3
10-12-2019 00:04:39,7.5527496,5.5045013,-3.0078278,-0.001627922,0.0065407753,0.039964914,0.0,3
10-12-2019 00:04:39,7.5647125,5.5045013,-2.9192963,-0.008392334,0.0067772865,-0.024702787,0.0,3
10-12-2019 00:04:39,7.6101837,5.5212555,-2.8020477,-0.009196758,0.004611492,-0.010502338,0.0,3
10-12-2019 00:04:39,7.641281,5.45665,-2.7565765,-0.013839245,0.015731812,0.026254177,0.0,3
10-12-2019 00:04:39,7.660431,5.4733887,-2.7470093,0.00033950806,-0.01664877,-0.040870428,0.0,3
10-12-2019 00:04:39,7.607788,5.511673,-2.8044434,0.018296242,-0.012648582,0.008474112,0.0,3
10-12-2019 00:04:39,7.648468,5.487747,-2.7159119,-0.012564182,0.01020813,-0.0053520203,0.0,3
10-12-2019 00:04:39,7.631714,5.4805756,-2.627365,0.018805027,0.028764248,0.02236414,0.0,3
10-12-2019 00:04:39,7.5862427,5.4973145,-2.663269,0.020774841,-0.0015201569,-0.086936474,0.0,3
10-12-2019 00:04:39,7.569504,5.5140686,-2.708725,0.02377081,-0.003358364,0.0138196945,0.0,3
10-12-2019 00:04:39,7.602997,5.557144,-2.782898,-0.029593468,0.05130577,0.052657366,0.0,3
10-12-2019 00:04:39,7.6149597,5.54039,-2.8259735,-0.009419918,-0.031943798,-0.16567922,0.0,3
10-12-2019 00:04:39,7.567108,5.5332184,-2.8307648,0.07415104,-0.041989326,0.22745681,0.0,3
10-12-2019 00:04:39,7.550354,5.54039,-2.881012,-0.039683342,-0.025553226,-0.040220737,0.0,3
10-12-2019 00:04:39,7.562317,5.5308228,-2.9815063,-0.04929924,0.014659882,0.094581604,0.0,3
10-12-2019 00:04:39,7.5647125,5.5212555,-3.0102234,-0.029111862,-0.0044498444,0.03561282,0.0,3
10-12-2019 00:04:39,7.5934296,5.564316,-3.0030518,-0.006508827,-0.029776573,0.014385462,0.0,3
10-12-2019 00:04:39,7.557541,5.5260315,-2.9288635,-0.019280434,-0.0058026314,0.02938509,0.0,3
10-12-2019 00:04:39,7.5336,5.5355988,-2.8642578,-0.0052981377,-0.013584614,-0.0036194324,0.0,3
10-12-2019 00:04:39,7.550354,5.547577,-2.7972565,-0.0058994293,-0.0017681122,0.023651361,0.0,3
10-12-2019 00:04:39,7.57428,5.49971,-2.7924805,-0.023973942,0.007176876,-0.025034666,0.0,3
10-12-2019 00:04:39,7.5718994,5.487747,-2.7805176,-0.0031762123,-0.009628296,-0.0055527687,0.0,3
10-12-2019 00:04:39,7.5814667,5.5021057,-2.852295,-0.009794235,0.023021221,-0.019256353,0.0,3
10-12-2019 00:04:39,7.598221,5.4973145,-2.8834076,0.03443432,0.004199028,-0.010037661,0.0,3
10-12-2019 00:04:39,7.619751,5.506897,-2.8092194,-0.003695488,0.0009226799,-0.036554337,0.0,3
10-12-2019 00:04:39,7.636505,5.461426,-2.7924805,0.0031991005,0.0141716,0.022705793,0.0,3
10-12-2019 00:04:39,7.648468,5.4805756,-2.8211823,0.018268108,-0.020761013,-0.04998374,0.0,3
10-12-2019 00:04:39,7.631714,5.454254,-2.9288635,-0.008763313,0.0042700768,0.004114628,0.0,3
10-12-2019 00:04:39,7.629318,5.45665,-2.9862976,-0.0014762878,0.0016856194,0.010324717,0.0,3
10-12-2019 00:04:39,7.629318,5.45903,-2.9886932,0.010296822,-0.008215427,-0.026348352,0.0,3
10-12-2019 00:04:39,7.612564,5.494934,-2.9527893,-0.041332245,0.034564972,-0.0067698956,0.0,3
10-12-2019 00:04:39,7.6341095,5.466217,-2.914505,0.023728848,-0.012395382,-0.009474993,0.0,3
10-12-2019 00:04:39,7.595825,5.4686127,-2.9240875,0.024579525,-0.020290852,-0.0025475025,0.0,3
10-12-2019 00:04:39,7.607788,5.5021057,-2.950409,-0.025335312,0.011848927,-0.016865969,0.0,3
10-12-2019 00:04:39,7.6101837,5.466217,-2.9982605,0.0042438507,-0.003255844,0.022748947,0.0,3
10-12-2019 00:04:39,7.6101837,5.4853516,-2.9886932,-0.008595467,-0.008097649,-0.017092705,0.0,3
10-12-2019 00:04:39,7.624527,5.5021057,-2.8786163,-0.025199413,0.00963068,-0.0321846,0.0,3
10-12-2019 00:04:39,7.6341095,5.470993,-2.8451233,-0.0016736984,0.0069918633,0.03588772,0.0,3
10-12-2019 00:04:39,7.629318,5.4805756,-2.8020477,0.082485676,-0.0666728,-0.0142838955,0.0,3
10-12-2019 00:04:39,7.6269226,5.45665,-2.782898,-0.056874275,0.028839588,-0.031588316,0.0,3
10-12-2019 00:04:39,7.636505,5.47818,-2.7111206,-0.038943768,0.04077196,0.01723075,0.0,3
10-12-2019 00:04:39,7.579071,5.470993,-2.6584778,0.021729946,-0.016432285,-0.012534857,0.0,3
10-12-2019 00:04:39,7.579071,5.470993,-2.6584778,-0.028555393,-0.025055408,-0.019714832,0.0,3
10-12-2019 00:04:39,7.588043,5.4638214,-2.613617,-0.015182495,-0.009614468,0.02684617,0.0,3
10-12-2019 00:04:39,7.446274,5.3908386,-3.2602692,-0.02807188,-0.0149412155,-0.076905966,0.0,3
10-12-2019 00:04:39,7.5360107,5.5631256,-2.7924805,-0.025671959,0.029748917,0.04285574,0.0,3
10-12-2019 00:04:39,7.606598,5.5906525,-2.5209045,0.047983646,-0.040544033,0.017753363,0.0,3
10-12-2019 00:04:39,7.6065826,5.4518585,-2.791275,0.015901566,-0.0412035,-0.04448533,0.0,3
10-12-2019 00:04:39,7.5240326,5.527237,-2.7601776,-0.08218241,0.05870104,0.022038937,0.0,3
10-12-2019 00:04:39,7.4785767,5.5224457,-2.8869934,0.044845104,-0.036940575,-0.024069548,0.0,3
10-12-2019 00:04:39,7.459427,5.47818,-2.967163,0.009832859,-0.010104656,-0.0026421547,0.0,3
10-12-2019 00:04:39,7.451065,5.510483,-2.9910736,-0.1030097,0.07689762,-0.016696692,0.0,3
10-12-2019 00:04:39,7.4905396,5.5021057,-3.0963593,0.088448524,-0.044849396,-0.0006015301,0.0,3
10-12-2019 00:04:39,7.595825,5.4889526,-3.1406403,0.032904148,-0.08918905,-0.11778855,0.0,3
10-12-2019 00:04:39,7.647278,5.49852,-3.098755,0.030201912,-0.004337311,0.08782029,0.0,3
10-12-2019 00:04:39,7.4606323,5.5045013,-3.2758331,-0.058259964,0.01628685,-0.104637384,0.0,3
10-12-2019 00:04:39,7.3421783,5.5224457,-3.3392487,0.03651762,-0.023181915,0.015315056,0.0,3
10-12-2019 00:04:39,7.443878,5.523651,-3.0856018,-0.032734394,-0.0033192635,-0.063929796,0.0,3
10-12-2019 00:04:39,7.4618225,5.493744,-3.0317688,0.05513239,-0.035277843,0.032265663,0.0,3
10-12-2019 00:04:39,7.446274,5.510483,-3.2088318,-0.05182457,0.024314404,-0.06050539,0.0,3
10-12-2019 00:04:39,7.418747,5.51886,-3.3033447,-0.016343594,0.017511845,0.027478933,0.0,3
10-12-2019 00:04:39,7.4869537,5.528427,-3.1908875,0.03146696,-0.046687126,-0.055700064,0.0,3
10-12-2019 00:04:39,7.4941254,5.5750885,-3.164566,-0.01635027,0.024762154,0.03925395,0.0,3
10-12-2019 00:04:39,7.386444,5.597824,-3.2830048,-0.006971836,-0.003929615,-0.02545929,0.0,3
10-12-2019 00:04:39,7.3266296,5.6121826,-3.238739,-0.0023303032,-0.011906147,-0.024910212,0.0,3
10-12-2019 00:04:39,7.2476654,5.613373,-3.5653534,-0.017027855,0.0089383125,-0.01180768,0.0,3
10-12-2019 00:04:39,7.3302155,5.637314,-3.7125244,0.0063557625,-0.0059142113,-0.0063359737,0.0,3
10-12-2019 00:04:39,7.2931366,5.700714,-3.789093,-0.0025730133,0.0063996315,0.0016071796,0.0,3
10-12-2019 00:04:39,7.1986237,5.68277,-3.8273773,0.003557682,0.019472599,-0.031665564,0.0,3
10-12-2019 00:04:39,7.282364,5.6145782,-3.4181976,0.021003246,-0.003472805,-0.036039114,0.0,3
10-12-2019 00:04:39,7.4319153,5.5499725,-2.9599762,-0.0012965202,0.006872177,-0.02822709,0.0,3
10-12-2019 00:04:39,7.6149597,5.516464,-2.7027435,-0.0013475418,0.020687103,0.016836166,0.0,3
10-12-2019 00:04:39,7.7453766,5.43631,-2.712326,-0.013101101,0.0051465034,-0.026806593,0.0,3
10-12-2019 00:04:39,7.857834,5.4315186,-2.8750305,-0.0042419434,0.0045280457,-0.010390043,0.0,3
10-12-2019 00:04:39,7.9224396,5.3704987,-2.9743347,-0.0013332367,0.0012383461,-0.007486582,0.0,3
10-12-2019 00:04:39,7.8231354,5.3944397,-2.663269,-0.0070290565,0.0044350624,-0.012312412,0.0,3
10-12-2019 00:04:39,7.754944,5.412384,-2.5950623,0.0072999,-0.005701542,-0.0034360886,0.0,3
10-12-2019 00:04:39,7.611374,5.4913483,-2.4790192,-0.011577129,0.0072808266,-0.019078493,0.0,3
10-12-2019 00:04:39,7.423538,5.5870514,-2.490982,-0.0075321198,0.0021214485,-0.0050423145,0.0,3
10-12-2019 00:04:39,7.4008026,5.737808,-2.3689575,0.007461071,-0.013797283,-0.0071372986,0.0,3
10-12-2019 00:04:39,7.3637238,5.7569427,-2.4766235,-0.024111748,0.013242722,-0.011496782,0.0,3
10-12-2019 00:04:39,7.3673096,5.795227,-2.605835,0.01833105,-0.016223907,-0.009810209,0.0,3
10-12-2019 00:04:39,7.238098,5.84906,-2.8367462,-0.026098251,0.020255566,-0.007988453,0.0,3
10-12-2019 00:04:39,6.818161,6.03331,-2.753006,0.0005841255,-0.0081038475,-0.002297163,0.0,3
10-12-2019 00:04:39,6.2283325,6.3348083,-2.9025574,0.0029234886,-0.010924816,-0.030270338,0.0,3
10-12-2019 00:04:39,6.1876526,6.538208,-3.233963,-0.015032768,0.017356396,0.01875019,0.0,3
10-12-2019 00:04:39,6.3647156,6.531021,-3.6634674,0.0029535294,-0.010049343,-0.037608624,0.0,3
10-12-2019 00:04:39,6.456833,6.4987183,-3.6598816,-0.0073423386,-0.0011463165,0.006672859,0.0,3
10-12-2019 00:04:39,6.534607,6.364731,-3.5438232,-0.010008812,-0.007783413,-0.018203497,0.0,3
10-12-2019 00:04:39,6.3467712,6.333618,-3.3057404,0.0037808418,-0.011368275,-0.004946947,0.0,3
10-12-2019 00:04:39,6.289337,6.5441895,-3.1143036,-0.002749443,-0.0017743111,0.0035476685,0.0,3
10-12-2019 00:04:39,6.0979156,6.637497,-3.3799133,-0.0037908554,-0.00370121,-0.019767284,0.0,3
10-12-2019 00:04:39,6.0321198,6.605194,-3.8907776,0.009860992,0.0024614334,0.0059444904,0.0,3
10-12-2019 00:04:39,6.07399,6.580078,-4.265259,-0.0022244453,-0.015683651,-0.023715258,0.0,3
10-12-2019 00:04:39,6.062027,6.6614227,-4.314316,0.009298801,-0.006579876,-0.006490946,0.0,3
10-12-2019 00:04:39,6.0476685,6.654251,-4.211426,0.015129089,-0.016435146,-0.011176109,0.0,3
10-12-2019 00:04:39,6.181671,6.568115,-4.018799,-0.017364502,0.011965752,0.014948845,0.0,3
10-12-2019 00:04:39,6.336014,6.4472656,-3.7567902,-0.00051164627,-0.0066752434,-0.036643982,0.0,3
10-12-2019 00:04:39,6.399414,6.3300323,-3.623993,0.031004429,-0.014494896,0.026654005,0.0,3
10-12-2019 00:04:39,6.4293213,6.230728,-3.677826,-0.022853374,-0.006214142,-0.045011282,0.0,3
10-12-2019 00:04:39,6.4353027,6.313278,-3.8130188,0.012735844,-0.0037674904,0.040801764,0.0,3
10-12-2019 00:04:39,6.480774,6.3108826,-3.8847961,-0.004981518,-0.008215427,-0.050035477,0.0,3
10-12-2019 00:04:39,6.6147614,6.3013153,-3.842926,-0.0053725243,0.0034394264,0.024590015,0.0,3
10-12-2019 00:04:39,6.636307,6.2379,-3.785492,0.004673481,-0.020250797,-0.03506732,0.0,3
10-12-2019 00:04:39,6.6267242,6.242691,-3.69458,0.008888245,0.00407362,0.029152632,0.0,3
10-12-2019 00:04:39,6.6506653,6.2211456,-3.7089386,-0.008052349,-0.00998497,-0.035167694,0.0,3
10-12-2019 00:04:39,6.6710052,6.202011,-3.6144104,-0.0032572746,0.0049824715,0.023973465,0.0,3
10-12-2019 00:04:39,6.748764,6.188843,-3.4253845,0.008713245,-0.018285275,-0.034763813,0.0,3
10-12-2019 00:04:39,6.8660126,6.161331,-3.205246,-0.0016012192,-0.0059928894,0.004812002,0.0,3
10-12-2019 00:04:39,6.863617,6.1302185,-3.127472,0.008920193,-0.00633955,-0.0012648106,0.0,3
10-12-2019 00:04:39,6.909088,6.1385956,-3.1334534,-0.013212681,-0.0007071495,-0.014030218,0.0,3
10-12-2019 00:04:39,6.9892426,6.111084,-3.1454163,0.023420334,-0.0121665,0.01328516,0.0,3
10-12-2019 00:04:39,7.0179596,6.1086884,-3.0497131,-0.003683567,-0.011264324,-0.026355743,0.0,3
10-12-2019 00:04:39,7.037094,6.102707,-2.9575806,0.0049700737,-0.010965347,-0.009679556,0.0,3
10-12-2019 00:04:39,7.0550385,6.1051025,-2.901352,0.0028743744,-0.0037426949,-0.0022330284,0.0,3
10-12-2019 00:04:39,7.0059967,6.1062927,-2.9264832,0.0044002533,-0.0029792786,0.00052046776,0.0,3
10-12-2019 00:04:39,7.0059967,6.148163,-2.909729,0.0070409775,-0.017888546,-0.015003204,0.0,3
10-12-2019 00:04:39,7.0382996,6.1374054,-2.881012,-0.0074152946,-0.0011639595,0.0048873425,0.0,3
10-12-2019 00:04:39,7.035904,6.1661224,-2.8020477,0.005261421,-0.0059223175,-0.013689995,0.0,3
10-12-2019 00:04:39,7.015564,6.1374054,-2.806839,-0.016263485,0.004322052,-0.008982182,0.0,3
10-12-2019 00:04:39,7.0825653,6.1266327,-2.766159,0.012535572,-0.007777214,0.0013608932,0.0,3
10-12-2019 00:04:39,7.134018,6.0440826,-2.7757263,0.0026745796,-0.015039921,-0.012587786,0.0,3
10-12-2019 00:04:39,7.16391,5.986664,-2.9396362,0.0052285194,-0.005256176,-0.011538744,0.0,3
10-12-2019 00:04:39,7.1399994,5.9902496,-3.1872864,-0.008982182,0.0016121864,-0.011312246,0.0,3
10-12-2019 00:04:39,7.101715,5.9830627,-3.3763275,0.009223461,-0.008239269,0.00849247,0.0,3
10-12-2019 00:04:39,7.0131683,5.9926453,-3.424179,-0.005970478,-0.0055356026,-0.012629509,0.0,3
10-12-2019 00:04:39,6.966522,6.058441,-3.333252,0.009983063,-0.006196499,-7.390976e-05,0.0,3
10-12-2019 00:04:39,6.9689026,6.045273,-3.2865906,-0.008338928,-0.00015830994,-0.019099712,0.0,3
10-12-2019 00:04:39,7.020355,6.0357056,-3.1705475,0.0018801689,-0.008687973,-0.0055475235,0.0,3
10-12-2019 00:04:39,7.0622253,6.036911,-3.1059418,0.011080742,-0.016741276,0.0023760796,0.0,3
10-12-2019 00:04:39,7.068207,6.0345154,-3.0796204,-0.009139538,-0.0052781105,-0.023581505,0.0,3
10-12-2019 00:04:39,7.064621,6.0309296,-3.0987701,0.011322498,-0.0048208237,0.017877817,0.0,3
10-12-2019 00:04:39,7.0550537,6.045273,-3.1609802,-0.002418995,-0.0069704056,-0.019172907,0.0,3
10-12-2019 00:04:39,7.011978,6.0548553,-3.1741333,-0.0020136833,-0.0005326271,0.010191441,0.0,3
10-12-2019 00:04:39,7.022751,6.066818,-3.169342,0.010708332,-0.018746376,-0.026708126,0.0,3
10-12-2019 00:04:39,6.990448,6.058441,-3.1813202,0.0026564598,0.00072956085,0.016789675,0.0,3
10-12-2019 00:04:39,6.974884,6.0727997,-3.1908875,0.0029315948,-0.0071201324,-0.022668123,0.0,3
10-12-2019 00:04:39,6.911484,6.1062927,-3.2243805,0.008309364,-0.008662224,-0.010745525,0.0,3
10-12-2019 00:04:39,6.9186554,6.1062927,-3.259079,-0.006533146,-0.007399559,0.0106134415,0.0,3
10-12-2019 00:04:39,6.913864,6.1254425,-3.2088318,-0.09907246,0.009829998,-0.08483243,0.0,3
10-12-2019 00:04:39,6.9031067,6.0799713,-3.1526031,0.28446102,-0.4361267,-0.17026949,0.0,3
10-12-2019 00:04:39,6.9114685,6.1266327,-3.1203003,0.5194588,-0.48524666,0.57377744,0.0,3
10-12-2019 00:04:39,6.929413,6.111084,-3.1992645,0.09715605,-0.12759924,0.17391586,0.0,3
10-12-2019 00:04:39,6.917465,6.1062927,-3.3057404,0.1915102,-0.26744843,-0.06289363,0.0,3
10-12-2019 00:04:39,6.873184,6.1254425,-3.3177032,0.2948165,-0.32688475,0.099705935,0.0,3
10-12-2019 00:04:39,6.8456726,6.131424,-3.2614746,0.25636578,-0.2519021,0.19075155,0.0,3
10-12-2019 00:04:39,6.860031,6.1493683,-3.2399292,0.20721292,-0.26726437,0.027416945,0.0,3
10-12-2019 00:04:39,6.8289185,6.168518,-3.2076263,0.1820364,-0.23046875,0.1303792,0.0,3
10-12-2019 00:04:39,6.850464,6.1505585,-3.2495117,0.12817812,-0.1654067,0.02955389,0.0,3
10-12-2019 00:04:39,6.8277283,6.143387,-3.263855,0.119317055,-0.1199851,-0.023733377,0.0,3
10-12-2019 00:04:39,6.797821,6.1708984,-3.2542877,0.022387505,-0.081421375,0.060848713,0.0,3
10-12-2019 00:04:39,6.8205414,6.1792755,-3.2913818,0.042280197,-0.042239666,0.050208807,0.0,3
10-12-2019 00:04:39,6.747574,6.132614,-3.2854004,0.04904127,-0.058966637,-0.036758423,0.0,3
10-12-2019 00:04:39,6.8648224,6.168518,-3.26268,-0.004860878,-0.0052657127,0.0220716,0.0,3
10-12-2019 00:04:39,6.9102783,6.160141,-3.2782288,0.016263485,-0.023322105,-0.016721964,0.0,3
10-12-2019 00:04:39,6.9270325,6.1206512,-3.2830048,0.06578207,-0.078886986,-0.27561545,0.0,3
10-12-2019 00:04:39,6.831314,6.1158752,-3.3380432,0.03319502,-0.03734064,-0.011158466,0.0,3
10-12-2019 00:04:39,6.8648224,6.0859528,-3.395462,0.015740395,-0.023303032,-0.06562519,0.0,3
10-12-2019 00:04:39,6.8983154,6.0811768,-3.422989,0.05420971,-0.061933517,-0.08754921,0.0,3
10-12-2019 00:04:43,7.5635223,5.508087,-2.9408417,0.00023269653,0.01583004,-0.02475524,0.0,2
10-12-2019 00:04:43,7.5599365,5.51886,-2.9288635,0.032034397,-0.00054216385,0.054390192,0.0,2
10-12-2019 00:04:43,7.5934296,5.49852,-2.7350616,-0.017454624,0.025015831,-0.054317474,0.0,2
10-12-2019 00:04:43,7.5611267,5.494934,-2.6417236,0.024183273,-0.0035357475,-0.024320364,0.0,2
10-12-2019 00:04:43,7.5946198,5.5140686,-2.614212,0.018773079,-0.017883778,-0.0014548302,0.0,2
10-12-2019 00:04:43,7.616165,5.4997253,-2.6692505,0.008350849,-0.021992683,0.116844416,0.0,2
10-12-2019 00:04:43,7.5814667,5.514084,-2.6644592,-0.01505661,-0.02064228,-0.17894197,0.0,2
10-12-2019 00:04:43,7.598221,5.503311,-2.6501007,-0.17756414,0.066679,-0.48751903,0.0,2
10-12-2019 00:04:43,7.6173553,5.515274,-2.5986633,0.4820571,-0.39853048,0.44719338,0.0,2
10-12-2019 00:04:43,7.5934296,5.506897,-2.540039,-0.042260647,0.011753082,0.34709883,0.0,2
10-12-2019 00:04:43,7.612564,5.5021057,-2.5101166,-0.34474564,0.21016693,-0.35638022,0.0,2
10-12-2019 00:04:43,7.612564,5.5021057,-2.5101166,-0.09004116,0.042523384,-0.17532635,0.0,2
10-12-2019 00:04:43,7.5766754,5.56192,-2.8929749,0.065105915,0.027689934,0.24677086,0.0,2
10-12-2019 00:04:43,7.538391,5.5499573,-2.8498993,0.063229084,-0.03858185,-0.040797234,0.0,2
10-12-2019 00:04:43,7.4785767,5.552353,-2.7613678,0.009208679,0.0012412071,0.018859625,0.0,2
10-12-2019 00:04:43,7.5407867,5.5451813,-2.921692,-0.06749201,0.059355736,0.0028061867,0.0,2
10-12-2019 00:04:43,7.602997,5.516464,-2.9934692,-0.082519054,0.079910755,-0.0311687,0.0,2
10-12-2019 00:04:43,7.5838623,5.5260315,-3.1011505,-0.015798569,0.0072112083,-0.057339907,0.0,2
10-12-2019 00:04:43,7.5527496,5.5045013,-3.0078278,-0.001627922,0.0065407753,0.039964914,0.0,2
10-12-2019 00:04:43,7.5647125,5.5045013,-2.9192963,-0.008392334,0.0067772865,-0.024702787,0.0,2
10-12-2019 00:04:43,7.6101837,5.5212555,-2.8020477,-0.009196758,0.004611492,-0.010502338,0.0,2
10-12-2019 00:04:43,7.641281,5.45665,-2.7565765,-0.013839245,0.015731812,0.026254177,0.0,2
10-12-2019 00:04:43,7.660431,5.4733887,-2.7470093,0.00033950806,-0.01664877,-0.040870428,0.0,2
10-12-2019 00:04:43,7.607788,5.511673,-2.8044434,0.018296242,-0.012648582,0.008474112,0.0,2
10-12-2019 00:04:43,7.648468,5.487747,-2.7159119,-0.012564182,0.01020813,-0.0053520203,0.0,2
10-12-2019 00:04:43,7.631714,5.4805756,-2.627365,0.018805027,0.028764248,0.02236414,0.0,2
10-12-2019 00:04:43,7.5862427,5.4973145,-2.663269,0.020774841,-0.0015201569,-0.086936474,0.0,2
10-12-2019 00:04:43,7.569504,5.5140686,-2.708725,0.02377081,-0.003358364,0.0138196945,0.0,2
10-12-2019 00:04:43,7.602997,5.557144,-2.782898,-0.029593468,0.05130577,0.052657366,0.0,2
10-12-2019 00:04:43,7.6149597,5.54039,-2.8259735,-0.009419918,-0.031943798,-0.16567922,0.0,2
10-12-2019 00:04:43,7.567108,5.5332184,-2.8307648,0.07415104,-0.041989326,0.22745681,0.0,2
10-12-2019 00:04:43,7.550354,5.54039,-2.881012,-0.039683342,-0.025553226,-0.040220737,0.0,2
10-12-2019 00:04:43,7.562317,5.5308228,-2.9815063,-0.04929924,0.014659882,0.094581604,0.0,2
10-12-2019 00:04:43,7.5647125,5.5212555,-3.0102234,-0.029111862,-0.0044498444,0.03561282,0.0,2
10-12-2019 00:04:43,7.5934296,5.564316,-3.0030518,-0.006508827,-0.029776573,0.014385462,0.0,2
10-12-2019 00:04:43,7.557541,5.5260315,-2.9288635,-0.019280434,-0.0058026314,0.02938509,0.0,2
10-12-2019 00:04:43,7.5336,5.5355988,-2.8642578,-0.0052981377,-0.013584614,-0.0036194324,0.0,2
10-12-2019 00:04:43,7.550354,5.547577,-2.7972565,-0.0058994293,-0.0017681122,0.023651361,0.0,2
10-12-2019 00:04:43,7.57428,5.49971,-2.7924805,-0.023973942,0.007176876,-0.025034666,0.0,2
10-12-2019 00:04:43,7.5718994,5.487747,-2.7805176,-0.0031762123,-0.009628296,-0.0055527687,0.0,2
10-12-2019 00:04:43,7.5814667,5.5021057,-2.852295,-0.009794235,0.023021221,-0.019256353,0.0,2
10-12-2019 00:04:43,7.598221,5.4973145,-2.8834076,0.03443432,0.004199028,-0.010037661,0.0,2
10-12-2019 00:04:43,7.619751,5.506897,-2.8092194,-0.003695488,0.0009226799,-0.036554337,0.0,2
10-12-2019 00:04:43,7.636505,5.461426,-2.7924805,0.0031991005,0.0141716,0.022705793,0.0,2
10-12-2019 00:04:43,7.648468,5.4805756,-2.8211823,0.018268108,-0.020761013,-0.04998374,0.0,2
10-12-2019 00:04:43,7.631714,5.454254,-2.9288635,-0.008763313,0.0042700768,0.004114628,0.0,2
10-12-2019 00:04:43,7.629318,5.45665,-2.9862976,-0.0014762878,0.0016856194,0.010324717,0.0,2
10-12-2019 00:04:43,7.629318,5.45903,-2.9886932,0.010296822,-0.008215427,-0.026348352,0.0,2
10-12-2019 00:04:43,7.612564,5.494934,-2.9527893,-0.041332245,0.034564972,-0.0067698956,0.0,2
10-12-2019 00:04:43,7.6341095,5.466217,-2.914505,0.023728848,-0.012395382,-0.009474993,0.0,2
10-12-2019 00:04:43,7.595825,5.4686127,-2.9240875,0.024579525,-0.020290852,-0.0025475025,0.0,2
10-12-2019 00:04:43,7.607788,5.5021057,-2.950409,-0.025335312,0.011848927,-0.016865969,0.0,2
10-12-2019 00:04:43,7.6101837,5.466217,-2.9982605,0.0042438507,-0.003255844,0.022748947,0.0,2
10-12-2019 00:04:43,7.6101837,5.4853516,-2.9886932,-0.008595467,-0.008097649,-0.017092705,0.0,2
10-12-2019 00:04:43,7.624527,5.5021057,-2.8786163,-0.025199413,0.00963068,-0.0321846,0.0,2
10-12-2019 00:04:43,7.6341095,5.470993,-2.8451233,-0.0016736984,0.0069918633,0.03588772,0.0,2
10-12-2019 00:04:43,7.629318,5.4805756,-2.8020477,0.082485676,-0.0666728,-0.0142838955,0.0,2
10-12-2019 00:04:43,7.6269226,5.45665,-2.782898,-0.056874275,0.028839588,-0.031588316,0.0,2
10-12-2019 00:04:43,7.636505,5.47818,-2.7111206,-0.038943768,0.04077196,0.01723075,0.0,2
10-12-2019 00:04:43,7.579071,5.470993,-2.6584778,0.021729946,-0.016432285,-0.012534857,0.0,2
10-12-2019 00:04:43,7.579071,5.470993,-2.6584778,-0.028555393,-0.025055408,-0.019714832,0.0,2
10-12-2019 00:04:43,7.588043,5.4638214,-2.613617,-0.015182495,-0.009614468,0.02684617,0.0,2
10-12-2019 00:04:43,7.446274,5.3908386,-3.2602692,-0.02807188,-0.0149412155,-0.076905966,0.0,2
10-12-2019 00:04:43,7.5360107,5.5631256,-2.7924805,-0.025671959,0.029748917,0.04285574,0.0,2
10-12-2019 00:04:43,7.606598,5.5906525,-2.5209045,0.047983646,-0.040544033,0.017753363,0.0,2
10-12-2019 00:04:43,7.6065826,5.4518585,-2.791275,0.015901566,-0.0412035,-0.04448533,0.0,2
10-12-2019 00:04:43,7.5240326,5.527237,-2.7601776,-0.08218241,0.05870104,0.022038937,0.0,2
10-12-2019 00:04:43,7.4785767,5.5224457,-2.8869934,0.044845104,-0.036940575,-0.024069548,0.0,2
10-12-2019 00:04:43,7.459427,5.47818,-2.967163,0.009832859,-0.010104656,-0.0026421547,0.0,2
10-12-2019 00:04:43,7.451065,5.510483,-2.9910736,-0.1030097,0.07689762,-0.016696692,0.0,2
10-12-2019 00:04:43,7.4905396,5.5021057,-3.0963593,0.088448524,-0.044849396,-0.0006015301,0.0,2
10-12-2019 00:04:43,7.595825,5.4889526,-3.1406403,0.032904148,-0.08918905,-0.11778855,0.0,2
10-12-2019 00:04:43,7.647278,5.49852,-3.098755,0.030201912,-0.004337311,0.08782029,0.0,2
10-12-2019 00:04:43,7.4606323,5.5045013,-3.2758331,-0.058259964,0.01628685,-0.104637384,0.0,2
10-12-2019 00:04:43,7.3421783,5.5224457,-3.3392487,0.03651762,-0.023181915,0.015315056,0.0,2
10-12-2019 00:04:43,7.443878,5.523651,-3.0856018,-0.032734394,-0.0033192635,-0.063929796,0.0,2
10-12-2019 00:04:43,7.4618225,5.493744,-3.0317688,0.05513239,-0.035277843,0.032265663,0.0,2
10-12-2019 00:04:43,7.446274,5.510483,-3.2088318,-0.05182457,0.024314404,-0.06050539,0.0,2
10-12-2019 00:04:43,7.418747,5.51886,-3.3033447,-0.016343594,0.017511845,0.027478933,0.0,2
10-12-2019 00:04:43,7.4869537,5.528427,-3.1908875,0.03146696,-0.046687126,-0.055700064,0.0,2
10-12-2019 00:04:43,7.4941254,5.5750885,-3.164566,-0.01635027,0.024762154,0.03925395,0.0,2
10-12-2019 00:04:43,7.386444,5.597824,-3.2830048,-0.006971836,-0.003929615,-0.02545929,0.0,2
10-12-2019 00:04:43,7.3266296,5.6121826,-3.238739,-0.0023303032,-0.011906147,-0.024910212,0.0,2
10-12-2019 00:04:43,7.2476654,5.613373,-3.5653534,-0.017027855,0.0089383125,-0.01180768,0.0,2
10-12-2019 00:04:43,7.3302155,5.637314,-3.7125244,0.0063557625,-0.0059142113,-0.0063359737,0.0,2
10-12-2019 00:04:43,7.2931366,5.700714,-3.789093,-0.0025730133,0.0063996315,0.0016071796,0.0,2
10-12-2019 00:04:43,7.1986237,5.68277,-3.8273773,0.003557682,0.019472599,-0.031665564,0.0,2
10-12-2019 00:04:43,7.282364,5.6145782,-3.4181976,0.021003246,-0.003472805,-0.036039114,0.0,2
10-12-2019 00:04:43,7.4319153,5.5499725,-2.9599762,-0.0012965202,0.006872177,-0.02822709,0.0,2
10-12-2019 00:04:43,7.6149597,5.516464,-2.7027435,-0.0013475418,0.020687103,0.016836166,0.0,2
10-12-2019 00:04:43,7.7453766,5.43631,-2.712326,-0.013101101,0.0051465034,-0.026806593,0.0,2
10-12-2019 00:04:43,7.857834,5.4315186,-2.8750305,-0.0042419434,0.0045280457,-0.010390043,0.0,2
10-12-2019 00:04:43,7.9224396,5.3704987,-2.9743347,-0.0013332367,0.0012383461,-0.007486582,0.0,2
10-12-2019 00:04:43,7.8231354,5.3944397,-2.663269,-0.0070290565,0.0044350624,-0.012312412,0.0,2
10-12-2019 00:04:43,7.754944,5.412384,-2.5950623,0.0072999,-0.005701542,-0.0034360886,0.0,2
10-12-2019 00:04:43,7.611374,5.4913483,-2.4790192,-0.011577129,0.0072808266,-0.019078493,0.0,2
10-12-2019 00:04:43,7.423538,5.5870514,-2.490982,-0.0075321198,0.0021214485,-0.0050423145,0.0,2
10-12-2019 00:04:43,7.4008026,5.737808,-2.3689575,0.007461071,-0.013797283,-0.0071372986,0.0,2
10-12-2019 00:04:43,7.3637238,5.7569427,-2.4766235,-0.024111748,0.013242722,-0.011496782,0.0,2
10-12-2019 00:04:43,7.3673096,5.795227,-2.605835,0.01833105,-0.016223907,-0.009810209,0.0,2
10-12-2019 00:04:43,7.238098,5.84906,-2.8367462,-0.026098251,0.020255566,-0.007988453,0.0,2
10-12-2019 00:04:43,6.818161,6.03331,-2.753006,0.0005841255,-0.0081038475,-0.002297163,0.0,2
10-12-2019 00:04:43,6.2283325,6.3348083,-2.9025574,0.0029234886,-0.010924816,-0.030270338,0.0,2
10-12-2019 00:04:43,6.1876526,6.538208,-3.233963,-0.015032768,0.017356396,0.01875019,0.0,2
10-12-2019 00:04:43,6.3647156,6.531021,-3.6634674,0.0029535294,-0.010049343,-0.037608624,0.0,2
10-12-2019 00:04:43,6.456833,6.4987183,-3.6598816,-0.0073423386,-0.0011463165,0.006672859,0.0,2
10-12-2019 00:04:43,6.534607,6.364731,-3.5438232,-0.010008812,-0.007783413,-0.018203497,0.0,2
10-12-2019 00:04:43,6.3467712,6.333618,-3.3057404,0.0037808418,-0.011368275,-0.004946947,0.0,2
10-12-2019 00:04:43,6.289337,6.5441895,-3.1143036,-0.002749443,-0.0017743111,0.0035476685,0.0,2
10-12-2019 00:04:43,6.0979156,6.637497,-3.3799133,-0.0037908554,-0.00370121,-0.019767284,0.0,2
10-12-2019 00:04:43,6.0321198,6.605194,-3.8907776,0.009860992,0.0024614334,0.0059444904,0.0,2
10-12-2019 00:04:43,6.07399,6.580078,-4.265259,-0.0022244453,-0.015683651,-0.023715258,0.0,2
10-12-2019 00:04:43,6.062027,6.6614227,-4.314316,0.009298801,-0.006579876,-0.006490946,0.0,2
10-12-2019 00:04:43,6.0476685,6.654251,-4.211426,0.015129089,-0.016435146,-0.011176109,0.0,2
10-12-2019 00:04:43,6.181671,6.568115,-4.018799,-0.017364502,0.011965752,0.014948845,0.0,2
10-12-2019 00:04:43,6.336014,6.4472656,-3.7567902,-0.00051164627,-0.0066752434,-0.036643982,0.0,2
10-12-2019 00:04:43,6.399414,6.3300323,-3.623993,0.031004429,-0.014494896,0.026654005,0.0,2
10-12-2019 00:04:43,6.4293213,6.230728,-3.677826,-0.022853374,-0.006214142,-0.045011282,0.0,2
10-12-2019 00:04:43,6.4353027,6.313278,-3.8130188,0.012735844,-0.0037674904,0.040801764,0.0,2
10-12-2019 00:04:43,6.480774,6.3108826,-3.8847961,-0.004981518,-0.008215427,-0.050035477,0.0,2
10-12-2019 00:04:43,6.6147614,6.3013153,-3.842926,-0.0053725243,0.0034394264,0.024590015,0.0,2
10-12-2019 00:04:43,6.636307,6.2379,-3.785492,0.004673481,-0.020250797,-0.03506732,0.0,2
10-12-2019 00:04:43,6.6267242,6.242691,-3.69458,0.008888245,0.00407362,0.029152632,0.0,2
10-12-2019 00:04:43,6.6506653,6.2211456,-3.7089386,-0.008052349,-0.00998497,-0.035167694,0.0,2
10-12-2019 00:04:43,6.6710052,6.202011,-3.6144104,-0.0032572746,0.0049824715,0.023973465,0.0,2
10-12-2019 00:04:43,6.748764,6.188843,-3.4253845,0.008713245,-0.018285275,-0.034763813,0.0,2
10-12-2019 00:04:43,6.8660126,6.161331,-3.205246,-0.0016012192,-0.0059928894,0.004812002,0.0,2
10-12-2019 00:04:43,6.863617,6.1302185,-3.127472,0.008920193,-0.00633955,-0.0012648106,0.0,2
10-12-2019 00:04:43,6.909088,6.1385956,-3.1334534,-0.013212681,-0.0007071495,-0.014030218,0.0,2
10-12-2019 00:04:43,6.9892426,6.111084,-3.1454163,0.023420334,-0.0121665,0.01328516,0.0,2
10-12-2019 00:04:43,7.0179596,6.1086884,-3.0497131,-0.003683567,-0.011264324,-0.026355743,0.0,2
10-12-2019 00:04:43,7.037094,6.102707,-2.9575806,0.0049700737,-0.010965347,-0.009679556,0.0,2
10-12-2019 00:04:43,7.0550385,6.1051025,-2.901352,0.0028743744,-0.0037426949,-0.0022330284,0.0,2
10-12-2019 00:04:43,7.0059967,6.1062927,-2.9264832,0.0044002533,-0.0029792786,0.00052046776,0.0,2
10-12-2019 00:04:43,7.0059967,6.148163,-2.909729,0.0070409775,-0.017888546,-0.015003204,0.0,2
10-12-2019 00:04:43,7.0382996,6.1374054,-2.881012,-0.0074152946,-0.0011639595,0.0048873425,0.0,2
10-12-2019 00:04:43,7.035904,6.1661224,-2.8020477,0.005261421,-0.0059223175,-0.013689995,0.0,2
10-12-2019 00:04:43,7.015564,6.1374054,-2.806839,-0.016263485,0.004322052,-0.008982182,0.0,2
10-12-2019 00:04:43,7.0825653,6.1266327,-2.766159,0.012535572,-0.007777214,0.0013608932,0.0,2
10-12-2019 00:04:43,7.134018,6.0440826,-2.7757263,0.0026745796,-0.015039921,-0.012587786,0.0,2
10-12-2019 00:04:43,7.16391,5.986664,-2.9396362,0.0052285194,-0.005256176,-0.011538744,0.0,2
10-12-2019 00:04:43,7.1399994,5.9902496,-3.1872864,-0.008982182,0.0016121864,-0.011312246,0.0,2
10-12-2019 00:04:43,7.101715,5.9830627,-3.3763275,0.009223461,-0.008239269,0.00849247,0.0,2
10-12-2019 00:04:43,7.0131683,5.9926453,-3.424179,-0.005970478,-0.0055356026,-0.012629509,0.0,2
10-12-2019 00:04:43,6.966522,6.058441,-3.333252,0.009983063,-0.006196499,-7.390976e-05,0.0,2
10-12-2019 00:04:43,6.9689026,6.045273,-3.2865906,-0.008338928,-0.00015830994,-0.019099712,0.0,2
10-12-2019 00:04:43,7.020355,6.0357056,-3.1705475,0.0018801689,-0.008687973,-0.0055475235,0.0,2
10-12-2019 00:04:43,7.0622253,6.036911,-3.1059418,0.011080742,-0.016741276,0.0023760796,0.0,2
10-12-2019 00:04:43,7.068207,6.0345154,-3.0796204,-0.009139538,-0.0052781105,-0.023581505,0.0,2
10-12-2019 00:04:43,7.064621,6.0309296,-3.0987701,0.011322498,-0.0048208237,0.017877817,0.0,2
10-12-2019 00:04:43,7.0550537,6.045273,-3.1609802,-0.002418995,-0.0069704056,-0.019172907,0.0,2
10-12-2019 00:04:43,7.011978,6.0548553,-3.1741333,-0.0020136833,-0.0005326271,0.010191441,0.0,2
10-12-2019 00:04:43,7.022751,6.066818,-3.169342,0.010708332,-0.018746376,-0.026708126,0.0,2
10-12-2019 00:04:43,6.990448,6.058441,-3.1813202,0.0026564598,0.00072956085,0.016789675,0.0,2
10-12-2019 00:04:43,6.974884,6.0727997,-3.1908875,0.0029315948,-0.0071201324,-0.022668123,0.0,2
10-12-2019 00:04:43,6.911484,6.1062927,-3.2243805,0.008309364,-0.008662224,-0.010745525,0.0,2
10-12-2019 00:04:43,6.9186554,6.1062927,-3.259079,-0.006533146,-0.007399559,0.0106134415,0.0,2
10-12-2019 00:04:43,6.913864,6.1254425,-3.2088318,-0.09907246,0.009829998,-0.08483243,0.0,2
10-12-2019 00:04:43,6.9031067,6.0799713,-3.1526031,0.28446102,-0.4361267,-0.17026949,0.0,2
10-12-2019 00:04:43,6.9114685,6.1266327,-3.1203003,0.5194588,-0.48524666,0.57377744,0.0,2
10-12-2019 00:04:43,6.929413,6.111084,-3.1992645,0.09715605,-0.12759924,0.17391586,0.0,2
10-12-2019 00:04:43,6.917465,6.1062927,-3.3057404,0.1915102,-0.26744843,-0.06289363,0.0,2
10-12-2019 00:04:43,6.873184,6.1254425,-3.3177032,0.2948165,-0.32688475,0.099705935,0.0,2
10-12-2019 00:04:43,6.8456726,6.131424,-3.2614746,0.25636578,-0.2519021,0.19075155,0.0,2
10-12-2019 00:04:43,6.860031,6.1493683,-3.2399292,0.20721292,-0.26726437,0.027416945,0.0,2
10-12-2019 00:04:43,6.8289185,6.168518,-3.2076263,0.1820364,-0.23046875,0.1303792,0.0,2
10-12-2019 00:04:43,6.850464,6.1505585,-3.2495117,0.12817812,-0.1654067,0.02955389,0.0,2
10-12-2019 00:04:43,6.8277283,6.143387,-3.263855,0.119317055,-0.1199851,-0.023733377,0.0,2
10-12-2019 00:04:43,6.797821,6.1708984,-3.2542877,0.022387505,-0.081421375,0.060848713,0.0,2
10-12-2019 00:04:43,6.8205414,6.1792755,-3.2913818,0.042280197,-0.042239666,0.050208807,0.0,2
10-12-2019 00:04:43,6.747574,6.132614,-3.2854004,0.04904127,-0.058966637,-0.036758423,0.0,2
10-12-2019 00:04:43,6.8648224,6.168518,-3.26268,-0.004860878,-0.0052657127,0.0220716,0.0,2
10-12-2019 00:04:43,6.9102783,6.160141,-3.2782288,0.016263485,-0.023322105,-0.016721964,0.0,2
10-12-2019 00:04:43,6.9270325,6.1206512,-3.2830048,0.06578207,-0.078886986,-0.27561545,0.0,2
10-12-2019 00:04:43,6.831314,6.1158752,-3.3380432,0.03319502,-0.03734064,-0.011158466,0.0,2
10-12-2019 00:04:43,6.8648224,6.0859528,-3.395462,0.015740395,-0.023303032,-0.06562519,0.0,2
10-12-2019 00:04:43,6.8983154,6.0811768,-3.422989,0.05420971,-0.061933517,-0.08754921,0.0,2
10-12-2019 00:04:43,6.8863525,6.0560455,-3.3787231,0.0009279251,-0.012009144,-0.08015394,0.0,2
10-12-2019 00:04:43,6.9078827,6.050064,-3.36557,0.027788162,-0.060278893,-0.037913322,0.0,2
10-12-2019 00:04:43,6.9102783,6.0440826,-3.3428345,-0.027460575,0.0029850006,-0.0064549446,0.0,2
10-12-2019 00:04:43,6.924637,6.016571,-3.373932,0.02465105,-0.053101063,-0.04780817,0.0,2
10-12-2019 00:04:43,6.909088,6.0261383,-3.4289703,-0.0053858757,-0.009766102,0.009465456,0.0,2
10-12-2019 00:04:43,6.921051,5.996231,-3.4385376,-0.011186123,-0.013106823,-0.046046257,0.0,2
10-12-2019 00:04:43,7.0550385,6.0141754,-3.296173,0.018111229,-0.011303425,-0.04135132,0.0,2
10-12-2019 00:04:43,6.9270325,5.968704,-3.402649,0.035475254,-0.0070118904,-0.0003569126,0.0,2
10-12-2019 00:04:43,6.974884,5.9519653,-3.4708405,0.0036244392,-0.022658825,-0.06538892,0.0,2
10-12-2019 00:04:43,6.983261,5.9770813,-3.4265747,-0.24021292,0.013319969,-0.9402783,0.0,2
10-12-2019 00:04:43,6.9928284,5.9830627,-3.350006,-1.1123829,0.23057127,-5.131338,0.0,2
10-12-2019 00:04:43,7.0335083,5.9723053,-3.3524017,0.26740742,-4.1789417,-0.36576843,0.0,2
10-12-2019 00:04:43,7.0346985,5.9615326,-3.304535,-3.6558614,-9.872007,9.788644,0.0,2
10-12-2019 00:04:43,6.99881,5.95076,-3.287796,-0.061232567,0.55478525,-2.7594852,0.0,2
10-12-2019 00:04:43,7.011978,5.980667,-3.2614746,0.8605871,0.5632539,-3.114443,0.0,2
10-12-2019 00:04:43,7.025131,5.967514,-3.2483063,-0.73278666,-1.3656893,-2.981326,0.0,2
10-12-2019 00:04:43,7.0335083,5.967514,-3.2698517,-1.2194052,-0.4056697,2.6682932,0.0,2
10-12-2019 00:04:43,6.9796753,5.974701,-3.2698517,0.7970929,0.34162092,0.87398255,0.0,2
10-12-2019 00:04:43,6.99881,5.9926453,-3.2782135,0.64583683,0.12468672,0.70146734,0.0,2
10-12-2019 00:04:43,6.974884,6.009384,-3.2782288,0.79972744,-0.28661108,0.46309057,0.0,2
10-12-2019 00:04:43,6.9593353,5.9830627,-3.2554932,0.49447298,-0.3917222,0.67349064,0.0,2
10-12-2019 00:04:43,6.962921,6.0057983,-3.2830048,0.14900017,-0.7262597,0.56954384,0.0,2
