10-07-2019 13:05:35,0.06465149,0.1478424,10.017944,0,0,0,0.0,2
10-07-2019 13:05:35,0.077819824,0.1478424,10.020935,0.00026451796,0.00016137958,-0.0011386871,0.0,2
10-07-2019 13:05:35,0.05986023,0.18136597,10.031113,0.0022966564,-0.0028140545,0.0033540726,0.0,2
10-07-2019 13:05:35,0.06225586,0.15263367,10.041885,-0.0015365928,-0.0051672906,-0.0017547607,0.0,2
10-07-2019 13:05:35,0.065841675,0.16101074,10.034103,0.003912285,-0.0020017773,0.0005788803,0.0,2
10-07-2019 13:05:35,0.0688324,0.14544678,10.004776,-0.027896054,-0.012843922,0.032256126,0.0,2
10-07-2019 13:05:35,0.050872803,0.16758728,10.0346985,0.015016854,0.0165257,-0.0455513,0.0,2
10-07-2019 13:05:35,0.09158325,0.1257019,10.023331,0.0032818615,-0.0049388856,-0.0017385483,0.0,2
10-07-2019 13:05:35,0.059249878,0.1550293,10.055054,0.0077622384,0.000992611,-0.0021247864,0.0,2
10-07-2019 13:05:35,0.06465149,0.14845276,10.010757,0.012036949,-0.005070165,0.008398056,0.0,2
10-07-2019 13:05:35,0.089782715,0.15144348,10.038895,-0.013011485,-0.0005130321,-0.012164116,0.0,2
10-07-2019 13:05:35,0.04849243,0.15322876,10.048462,0.013504162,-0.004057929,0.00014209747,0.0,2
10-07-2019 13:05:35,0.09037781,0.16520691,10.051453,0.014006853,-0.0012320876,0.0074386597,0.0,2
10-07-2019 13:05:35,0.07841492,0.1436615,9.984421,-0.014440075,0.004486665,-0.0072956085,0.0,2
10-07-2019 13:05:35,0.058059692,0.15742493,9.983231,0.006654814,0.0010208637,0.000746727,0.0,2
10-07-2019 13:05:35,0.08439636,0.16340637,10.023331,0.0068688393,-0.0068321824,-0.0009994507,0.0,2
10-07-2019 13:05:35,0.07122803,0.15562439,10.077194,0.0041586757,-0.007384032,-0.00011730194,0.0,2
10-07-2019 13:05:35,0.070632935,0.16101074,10.0143585,-0.0034542382,-0.0066301078,-0.0057086945,0.0,2
10-07-2019 13:05:35,0.07243347,0.15982056,10.046066,-0.0024883002,-0.0005747974,-1.7166138e-05,0.0,2
10-07-2019 13:05:35,0.08560181,0.15383911,10.023926,-0.020334944,-0.0017653555,0.009047508,0.0,2
10-07-2019 13:05:35,0.06704712,0.15682983,10.038895,0.009474829,0.0060299933,-0.0028295517,0.0,2
10-07-2019 13:05:35,0.06524658,0.1478424,10.014938,-0.040742546,0.0039233565,0.0036230087,0.0,2
10-07-2019 13:05:35,0.07182312,0.15322876,10.025131,0.06669456,0.0024616122,0.0018787384,0.0,2
10-07-2019 13:05:35,0.09576416,0.15144348,10.062836,0.017875701,0.004668653,0.00030612946,0.0,2
10-07-2019 13:05:35,0.06524658,0.17298889,10.031708,0.01662311,0.0031605363,-0.00034999847,0.0,2
10-07-2019 13:05:35,0.065841675,0.15922546,10.035294,0.000505954,-0.0021407455,0.00041484833,0.0,2
10-07-2019 13:05:35,0.08081055,0.14485168,10.032913,-0.01856713,-0.005561039,-0.002281189,0.0,2
10-07-2019 13:05:35,0.08859253,0.14067078,10.034103,0.0014700592,-0.007595435,0.0023117065,0.0,2
10-07-2019 13:05:35,0.075424194,0.14126587,10.028122,0.00018900633,0.00015409291,0.0036735535,0.0,2
10-07-2019 13:05:38,0.077819824,0.1478424,10.020935,0.00026451796,0.00016137958,-0.0011386871,0.0,3
10-07-2019 13:05:38,0.05986023,0.18136597,10.031113,0.0022966564,-0.0028140545,0.0033540726,0.0,3
10-07-2019 13:05:38,0.06225586,0.15263367,10.041885,-0.0015365928,-0.0051672906,-0.0017547607,0.0,3
10-07-2019 13:05:38,0.065841675,0.16101074,10.034103,0.003912285,-0.0020017773,0.0005788803,0.0,3
10-07-2019 13:05:38,0.0688324,0.14544678,10.004776,-0.027896054,-0.012843922,0.032256126,0.0,3
10-07-2019 13:05:38,0.050872803,0.16758728,10.0346985,0.015016854,0.0165257,-0.0455513,0.0,3
10-07-2019 13:05:38,0.09158325,0.1257019,10.023331,0.0032818615,-0.0049388856,-0.0017385483,0.0,3
10-07-2019 13:05:38,0.059249878,0.1550293,10.055054,0.0077622384,0.000992611,-0.0021247864,0.0,3
10-07-2019 13:05:38,0.06465149,0.14845276,10.010757,0.012036949,-0.005070165,0.008398056,0.0,3
10-07-2019 13:05:38,0.089782715,0.15144348,10.038895,-0.013011485,-0.0005130321,-0.012164116,0.0,3
10-07-2019 13:05:38,0.04849243,0.15322876,10.048462,0.013504162,-0.004057929,0.00014209747,0.0,3
10-07-2019 13:05:38,0.09037781,0.16520691,10.051453,0.014006853,-0.0012320876,0.0074386597,0.0,3
10-07-2019 13:05:38,0.07841492,0.1436615,9.984421,-0.014440075,0.004486665,-0.0072956085,0.0,3
10-07-2019 13:05:38,0.058059692,0.15742493,9.983231,0.006654814,0.0010208637,0.000746727,0.0,3
10-07-2019 13:05:38,0.08439636,0.16340637,10.023331,0.0068688393,-0.0068321824,-0.0009994507,0.0,3
10-07-2019 13:05:38,0.07122803,0.15562439,10.077194,0.0041586757,-0.007384032,-0.00011730194,0.0,3
10-07-2019 13:05:38,0.070632935,0.16101074,10.0143585,-0.0034542382,-0.0066301078,-0.0057086945,0.0,3
10-07-2019 13:05:38,0.07243347,0.15982056,10.046066,-0.0024883002,-0.0005747974,-1.7166138e-05,0.0,3
10-07-2019 13:05:38,0.08560181,0.15383911,10.023926,-0.020334944,-0.0017653555,0.009047508,0.0,3
10-07-2019 13:05:38,0.06704712,0.15682983,10.038895,0.009474829,0.0060299933,-0.0028295517,0.0,3
10-07-2019 13:05:38,0.06524658,0.1478424,10.014938,-0.040742546,0.0039233565,0.0036230087,0.0,3
10-07-2019 13:05:38,0.07182312,0.15322876,10.025131,0.06669456,0.0024616122,0.0018787384,0.0,3
10-07-2019 13:05:38,0.09576416,0.15144348,10.062836,0.017875701,0.004668653,0.00030612946,0.0,3
10-07-2019 13:05:38,0.06524658,0.17298889,10.031708,0.01662311,0.0031605363,-0.00034999847,0.0,3
10-07-2019 13:05:38,0.065841675,0.15922546,10.035294,0.000505954,-0.0021407455,0.00041484833,0.0,3
10-07-2019 13:05:38,0.08081055,0.14485168,10.032913,-0.01856713,-0.005561039,-0.002281189,0.0,3
10-07-2019 13:05:38,0.08859253,0.14067078,10.034103,0.0014700592,-0.007595435,0.0023117065,0.0,3
10-07-2019 13:05:38,0.075424194,0.14126587,10.028122,0.00018900633,0.00015409291,0.0036735535,0.0,3
10-07-2019 13:05:38,0.07901001,0.15682983,10.029312,0.0021380037,-0.003119886,0.0075941086,0.0,3
10-07-2019 13:05:38,0.065841675,0.15023804,10.031708,0.0031314343,-0.0001783967,-0.0009126663,0.0,3
10-07-2019 13:05:38,0.07720947,0.14604187,10.01973,0.007891446,-0.00033771992,0.00029945374,0.0,3
10-07-2019 13:05:38,0.06643677,0.14245605,10.024521,-0.0034691542,-0.0010154545,-0.0019903183,0.0,3
10-07-2019 13:05:38,0.08140564,0.15682983,10.040695,0.0018565506,0.0025543422,0.0012216568,0.0,3
10-07-2019 13:05:38,0.058059692,0.16281128,10.029312,0.0008382946,0.005169943,0.00032424927,0.0,3
10-07-2019 13:05:38,0.085006714,0.15144348,10.028122,0.0014825165,0.0044819266,0.0010995865,0.0,3
10-07-2019 13:05:38,0.0796051,0.13827515,10.010162,0.008249655,-0.005477652,-0.0020685196,0.0,3
10-07-2019 13:05:38,0.061660767,0.14425659,10.04129,-0.008111209,0.006226033,-9.441376e-05,0.0,3
10-07-2019 13:05:38,0.07421875,0.13227844,10.033508,0.0059845,-0.0020153672,-0.00041770935,0.0,3
10-07-2019 13:05:38,0.061050415,0.14665222,10.031113,0.0065819025,-0.0014538914,0.007472992,0.0,3
10-07-2019 13:05:38,0.07841492,0.15562439,10.031708,-0.008862644,0.0024631172,-0.0018320084,0.0,3
10-07-2019 13:05:38,0.046691895,0.15023804,10.011948,0.003646329,-0.004099667,-0.008041382,0.0,3
10-07-2019 13:05:38,0.07841492,0.15562439,10.040695,0.012257054,-0.0005707741,0.005484581,0.0,3
10-07-2019 13:05:38,0.08320618,0.1478424,10.008362,-0.010871187,-0.00019320846,-0.0012493134,0.0,3
10-07-2019 13:05:39,0.077819824,0.1478424,10.020935,0.00026451796,0.00016137958,-0.0011386871,0.0,2
10-07-2019 13:05:39,0.05986023,0.18136597,10.031113,0.0022966564,-0.0028140545,0.0033540726,0.0,2
10-07-2019 13:05:39,0.06225586,0.15263367,10.041885,-0.0015365928,-0.0051672906,-0.0017547607,0.0,2
10-07-2019 13:05:39,0.065841675,0.16101074,10.034103,0.003912285,-0.0020017773,0.0005788803,0.0,2
10-07-2019 13:05:39,0.0688324,0.14544678,10.004776,-0.027896054,-0.012843922,0.032256126,0.0,2
10-07-2019 13:05:39,0.050872803,0.16758728,10.0346985,0.015016854,0.0165257,-0.0455513,0.0,2
10-07-2019 13:05:39,0.09158325,0.1257019,10.023331,0.0032818615,-0.0049388856,-0.0017385483,0.0,2
10-07-2019 13:05:39,0.059249878,0.1550293,10.055054,0.0077622384,0.000992611,-0.0021247864,0.0,2
10-07-2019 13:05:39,0.06465149,0.14845276,10.010757,0.012036949,-0.005070165,0.008398056,0.0,2
10-07-2019 13:05:39,0.089782715,0.15144348,10.038895,-0.013011485,-0.0005130321,-0.012164116,0.0,2
10-07-2019 13:05:39,0.04849243,0.15322876,10.048462,0.013504162,-0.004057929,0.00014209747,0.0,2
10-07-2019 13:05:39,0.09037781,0.16520691,10.051453,0.014006853,-0.0012320876,0.0074386597,0.0,2
10-07-2019 13:05:39,0.07841492,0.1436615,9.984421,-0.014440075,0.004486665,-0.0072956085,0.0,2
10-07-2019 13:05:39,0.058059692,0.15742493,9.983231,0.006654814,0.0010208637,0.000746727,0.0,2
10-07-2019 13:05:39,0.08439636,0.16340637,10.023331,0.0068688393,-0.0068321824,-0.0009994507,0.0,2
10-07-2019 13:05:39,0.07122803,0.15562439,10.077194,0.0041586757,-0.007384032,-0.00011730194,0.0,2
10-07-2019 13:05:39,0.070632935,0.16101074,10.0143585,-0.0034542382,-0.0066301078,-0.0057086945,0.0,2
10-07-2019 13:05:39,0.07243347,0.15982056,10.046066,-0.0024883002,-0.0005747974,-1.7166138e-05,0.0,2
10-07-2019 13:05:39,0.08560181,0.15383911,10.023926,-0.020334944,-0.0017653555,0.009047508,0.0,2
10-07-2019 13:05:39,0.06704712,0.15682983,10.038895,0.009474829,0.0060299933,-0.0028295517,0.0,2
10-07-2019 13:05:39,0.06524658,0.1478424,10.014938,-0.040742546,0.0039233565,0.0036230087,0.0,2
10-07-2019 13:05:39,0.07182312,0.15322876,10.025131,0.06669456,0.0024616122,0.0018787384,0.0,2
10-07-2019 13:05:39,0.09576416,0.15144348,10.062836,0.017875701,0.004668653,0.00030612946,0.0,2
10-07-2019 13:05:39,0.06524658,0.17298889,10.031708,0.01662311,0.0031605363,-0.00034999847,0.0,2
10-07-2019 13:05:39,0.065841675,0.15922546,10.035294,0.000505954,-0.0021407455,0.00041484833,0.0,2
10-07-2019 13:05:39,0.08081055,0.14485168,10.032913,-0.01856713,-0.005561039,-0.002281189,0.0,2
10-07-2019 13:05:39,0.08859253,0.14067078,10.034103,0.0014700592,-0.007595435,0.0023117065,0.0,2
10-07-2019 13:05:39,0.075424194,0.14126587,10.028122,0.00018900633,0.00015409291,0.0036735535,0.0,2
10-07-2019 13:05:39,0.07901001,0.15682983,10.029312,0.0021380037,-0.003119886,0.0075941086,0.0,2
10-07-2019 13:05:39,0.065841675,0.15023804,10.031708,0.0031314343,-0.0001783967,-0.0009126663,0.0,2
10-07-2019 13:05:39,0.07720947,0.14604187,10.01973,0.007891446,-0.00033771992,0.00029945374,0.0,2
10-07-2019 13:05:39,0.06643677,0.14245605,10.024521,-0.0034691542,-0.0010154545,-0.0019903183,0.0,2
10-07-2019 13:05:39,0.08140564,0.15682983,10.040695,0.0018565506,0.0025543422,0.0012216568,0.0,2
10-07-2019 13:05:39,0.058059692,0.16281128,10.029312,0.0008382946,0.005169943,0.00032424927,0.0,2
10-07-2019 13:05:39,0.085006714,0.15144348,10.028122,0.0014825165,0.0044819266,0.0010995865,0.0,2
10-07-2019 13:05:39,0.0796051,0.13827515,10.010162,0.008249655,-0.005477652,-0.0020685196,0.0,2
10-07-2019 13:05:39,0.061660767,0.14425659,10.04129,-0.008111209,0.006226033,-9.441376e-05,0.0,2
10-07-2019 13:05:39,0.07421875,0.13227844,10.033508,0.0059845,-0.0020153672,-0.00041770935,0.0,2
10-07-2019 13:05:39,0.061050415,0.14665222,10.031113,0.0065819025,-0.0014538914,0.007472992,0.0,2
10-07-2019 13:05:39,0.07841492,0.15562439,10.031708,-0.008862644,0.0024631172,-0.0018320084,0.0,2
10-07-2019 13:05:39,0.046691895,0.15023804,10.011948,0.003646329,-0.004099667,-0.008041382,0.0,2
10-07-2019 13:05:39,0.07841492,0.15562439,10.040695,0.012257054,-0.0005707741,0.005484581,0.0,2
10-07-2019 13:05:39,0.08320618,0.1478424,10.008362,-0.010871187,-0.00019320846,-0.0012493134,0.0,2
10-07-2019 13:05:39,0.089782715,0.1478424,10.022125,0.0013489574,0.00028696656,-0.005352974,0.0,2
10-07-2019 13:05:39,0.08320618,0.15203857,10.027527,0.012398735,-0.0012264848,0.004559517,0.0,2
10-07-2019 13:05:39,0.075424194,0.15621948,10.031113,-0.0071180165,0.0042835474,-0.0019197464,0.0,2
10-07-2019 13:05:39,0.070632935,0.14665222,10.043686,0.003600955,-0.0018369853,-0.0011739731,0.0,2
10-07-2019 13:05:39,0.082611084,0.15322876,10.031708,0.010380596,0.000822559,0.0058145523,0.0,2
10-07-2019 13:05:41,0.077819824,0.1478424,10.020935,0.00026451796,0.00016137958,-0.0011386871,0.0,3
10-07-2019 13:05:41,0.05986023,0.18136597,10.031113,0.0022966564,-0.0028140545,0.0033540726,0.0,3
10-07-2019 13:05:41,0.06225586,0.15263367,10.041885,-0.0015365928,-0.0051672906,-0.0017547607,0.0,3
10-07-2019 13:05:41,0.065841675,0.16101074,10.034103,0.003912285,-0.0020017773,0.0005788803,0.0,3
10-07-2019 13:05:41,0.0688324,0.14544678,10.004776,-0.027896054,-0.012843922,0.032256126,0.0,3
10-07-2019 13:05:41,0.050872803,0.16758728,10.0346985,0.015016854,0.0165257,-0.0455513,0.0,3
10-07-2019 13:05:41,0.09158325,0.1257019,10.023331,0.0032818615,-0.0049388856,-0.0017385483,0.0,3
10-07-2019 13:05:41,0.059249878,0.1550293,10.055054,0.0077622384,0.000992611,-0.0021247864,0.0,3
10-07-2019 13:05:41,0.06465149,0.14845276,10.010757,0.012036949,-0.005070165,0.008398056,0.0,3
10-07-2019 13:05:41,0.089782715,0.15144348,10.038895,-0.013011485,-0.0005130321,-0.012164116,0.0,3
10-07-2019 13:05:41,0.04849243,0.15322876,10.048462,0.013504162,-0.004057929,0.00014209747,0.0,3
10-07-2019 13:05:41,0.09037781,0.16520691,10.051453,0.014006853,-0.0012320876,0.0074386597,0.0,3
10-07-2019 13:05:41,0.07841492,0.1436615,9.984421,-0.014440075,0.004486665,-0.0072956085,0.0,3
10-07-2019 13:05:41,0.058059692,0.15742493,9.983231,0.006654814,0.0010208637,0.000746727,0.0,3
10-07-2019 13:05:41,0.08439636,0.16340637,10.023331,0.0068688393,-0.0068321824,-0.0009994507,0.0,3
10-07-2019 13:05:41,0.07122803,0.15562439,10.077194,0.0041586757,-0.007384032,-0.00011730194,0.0,3
10-07-2019 13:05:41,0.070632935,0.16101074,10.0143585,-0.0034542382,-0.0066301078,-0.0057086945,0.0,3
10-07-2019 13:05:41,0.07243347,0.15982056,10.046066,-0.0024883002,-0.0005747974,-1.7166138e-05,0.0,3
10-07-2019 13:05:41,0.08560181,0.15383911,10.023926,-0.020334944,-0.0017653555,0.009047508,0.0,3
10-07-2019 13:05:41,0.06704712,0.15682983,10.038895,0.009474829,0.0060299933,-0.0028295517,0.0,3
10-07-2019 13:05:41,0.06524658,0.1478424,10.014938,-0.040742546,0.0039233565,0.0036230087,0.0,3
10-07-2019 13:05:41,0.07182312,0.15322876,10.025131,0.06669456,0.0024616122,0.0018787384,0.0,3
10-07-2019 13:05:41,0.09576416,0.15144348,10.062836,0.017875701,0.004668653,0.00030612946,0.0,3
10-07-2019 13:05:41,0.06524658,0.17298889,10.031708,0.01662311,0.0031605363,-0.00034999847,0.0,3
10-07-2019 13:05:41,0.065841675,0.15922546,10.035294,0.000505954,-0.0021407455,0.00041484833,0.0,3
10-07-2019 13:05:41,0.08081055,0.14485168,10.032913,-0.01856713,-0.005561039,-0.002281189,0.0,3
10-07-2019 13:05:41,0.08859253,0.14067078,10.034103,0.0014700592,-0.007595435,0.0023117065,0.0,3
10-07-2019 13:05:41,0.075424194,0.14126587,10.028122,0.00018900633,0.00015409291,0.0036735535,0.0,3
10-07-2019 13:05:41,0.07901001,0.15682983,10.029312,0.0021380037,-0.003119886,0.0075941086,0.0,3
10-07-2019 13:05:41,0.065841675,0.15023804,10.031708,0.0031314343,-0.0001783967,-0.0009126663,0.0,3
10-07-2019 13:05:41,0.07720947,0.14604187,10.01973,0.007891446,-0.00033771992,0.00029945374,0.0,3
10-07-2019 13:05:41,0.06643677,0.14245605,10.024521,-0.0034691542,-0.0010154545,-0.0019903183,0.0,3
10-07-2019 13:05:41,0.08140564,0.15682983,10.040695,0.0018565506,0.0025543422,0.0012216568,0.0,3
10-07-2019 13:05:41,0.058059692,0.16281128,10.029312,0.0008382946,0.005169943,0.00032424927,0.0,3
10-07-2019 13:05:41,0.085006714,0.15144348,10.028122,0.0014825165,0.0044819266,0.0010995865,0.0,3
10-07-2019 13:05:41,0.0796051,0.13827515,10.010162,0.008249655,-0.005477652,-0.0020685196,0.0,3
10-07-2019 13:05:41,0.061660767,0.14425659,10.04129,-0.008111209,0.006226033,-9.441376e-05,0.0,3
10-07-2019 13:05:41,0.07421875,0.13227844,10.033508,0.0059845,-0.0020153672,-0.00041770935,0.0,3
10-07-2019 13:05:41,0.061050415,0.14665222,10.031113,0.0065819025,-0.0014538914,0.007472992,0.0,3
10-07-2019 13:05:41,0.07841492,0.15562439,10.031708,-0.008862644,0.0024631172,-0.0018320084,0.0,3
10-07-2019 13:05:41,0.046691895,0.15023804,10.011948,0.003646329,-0.004099667,-0.008041382,0.0,3
10-07-2019 13:05:41,0.07841492,0.15562439,10.040695,0.012257054,-0.0005707741,0.005484581,0.0,3
10-07-2019 13:05:41,0.08320618,0.1478424,10.008362,-0.010871187,-0.00019320846,-0.0012493134,0.0,3
10-07-2019 13:05:41,0.089782715,0.1478424,10.022125,0.0013489574,0.00028696656,-0.005352974,0.0,3
10-07-2019 13:05:41,0.08320618,0.15203857,10.027527,0.012398735,-0.0012264848,0.004559517,0.0,3
10-07-2019 13:05:41,0.075424194,0.15621948,10.031113,-0.0071180165,0.0042835474,-0.0019197464,0.0,3
10-07-2019 13:05:41,0.070632935,0.14665222,10.043686,0.003600955,-0.0018369853,-0.0011739731,0.0,3
10-07-2019 13:05:41,0.082611084,0.15322876,10.031708,0.010380596,0.000822559,0.0058145523,0.0,3
10-07-2019 13:05:41,0.07722473,0.1436615,10.044281,-0.014936551,-0.0008966923,-0.006383896,0.0,3
10-07-2019 13:05:41,0.080200195,0.1550293,10.031113,0.0052828044,-0.006575972,0.005678177,0.0,3
10-07-2019 13:05:41,0.06465149,0.1544342,10.029312,0.00936532,-0.004608661,0.00011539459,0.0,3
10-07-2019 13:05:41,0.082595825,0.13825989,10.044876,-0.012928277,0.0019015223,-0.0026359558,0.0,3
10-07-2019 13:05:41,0.04550171,0.15562439,10.044876,0.007634878,-0.00011737645,-0.0019197464,0.0,3
10-07-2019 13:05:41,0.0012054443,0.16459656,10.00119,0.0024874657,-0.00047294796,-0.002609253,0.0,3
10-07-2019 13:05:41,0.0748291,0.1663971,10.026321,-0.0024950653,0.0060902536,0.0017242432,0.0,3
10-07-2019 13:05:41,0.14364624,0.12449646,10.088577,0.003155008,0.0015633553,0.0018835068,0.0,3
10-07-2019 13:05:41,0.1436615,0.12809753,10.124481,0.0026747137,-0.002556786,0.003329277,0.0,3
10-07-2019 13:05:41,0.10295105,0.106552124,10.086777,-0.0024477541,0.0026679933,0.0027313232,0.0,3
10-07-2019 13:10:59,-0.27294922,0.28910828,10.0269165,0.0049610436,8.7291e-05,0.0026197433,0,3
10-07-2019 13:10:59,-0.28312683,0.30885315,10.006561,-0.026536107,-0.0020129085,0.016413689,0,3
10-07-2019 13:10:59,-0.28671265,0.32202148,10.037689,-0.010135852,0.015730739,-0.021612167,0.0,3
10-07-2019 13:10:59,-0.28611755,0.31184387,9.98262,0.0042672083,-0.0039554536,-0.005162239,0.0,3
10-07-2019 13:10:59,-0.2926941,0.32920837,10.041885,0.009927407,0.0020146668,-0.0067300797,0.0,3
10-07-2019 13:10:59,-0.28372192,0.31004333,9.980835,0.013211302,-0.00040087104,0.0061416626,0.0,3
10-07-2019 13:10:59,-0.27713013,0.30766296,10.031708,0.0035996288,0.0043566525,-0.0005636215,0.0,3
10-07-2019 13:10:59,-0.27593994,0.30526733,10.031113,0.0037392005,-0.00030854344,-0.0010652542,0.0,3
10-07-2019 13:10:59,-0.27593994,0.32263184,10.023331,-0.011682779,0.0017581284,0.0010480881,0.0,3
10-07-2019 13:10:59,-0.27233887,0.3244171,10.010162,0.0109548345,0.0014927387,-0.0031900406,0.0,3
10-07-2019 13:10:59,-0.2735443,0.30944824,10.033508,0.0028664991,-0.007529527,0.0010461807,0.0,3
10-07-2019 13:10:59,-0.27833557,0.3142395,10.022736,-0.0003950931,0.00032415986,0.00012588501,0.0,3
10-07-2019 13:10:59,-0.2735443,0.31304932,10.008362,-0.0039761886,-0.0002888739,0.002858162,0.0,3
10-07-2019 13:10:59,-0.26934814,0.32261658,10.006561,0.008216586,-0.0027053952,0.0015068054,0.0,3
10-07-2019 13:10:59,-0.28312683,0.31723022,10.04129,0.005522959,0.0017520189,0.0060510635,0.0,3
10-07-2019 13:10:59,-0.25558472,0.31184387,10.020935,-0.00058227405,0.0054127276,0.0020542145,0.0,3
10-07-2019 13:10:59,-0.2633667,0.31604004,10.00119,0.0031635314,0.0035374463,-0.00035381317,0.0,3
10-07-2019 13:10:59,-0.25019836,0.30825806,10.035904,0.00075809285,0.0008007884,4.1007996e-05,0.0,3
10-07-2019 13:10:59,-0.27293396,0.29927063,10.044876,-0.0008039661,0.0017358959,0.0020132065,0.0,3
10-07-2019 13:10:59,-0.26576233,0.31962585,10.003586,0.0007563047,-0.0017330348,-0.0011405945,0.0,3
10-07-2019 13:10:59,-0.2926941,0.3244171,10.055649,-0.0007577054,0.0007671416,0.0049848557,0.0,3
10-07-2019 13:10:59,-0.28552246,0.29867554,10.018539,-0.0015979223,0.0011924207,0.0035181046,0.0,3
10-07-2019 13:10:59,-0.2819214,0.2956848,10.061035,0.00044230744,0.0009972751,0.00038814545,0.0,3
10-07-2019 13:10:59,-0.24661255,0.28611755,10.00119,0.001961071,0.0003388226,-0.0028429031,0.0,3
10-07-2019 13:10:59,-0.29029846,0.30706787,10.067627,0.0032646246,-0.0020230412,0.0015668869,0.0,3
10-07-2019 13:10:59,-0.28730774,0.331604,10.027512,0.0009370521,0.0016523898,-0.00054359436,0.0,3
10-07-2019 13:10:59,-0.27713013,0.29388428,10.106522,0.0009713769,-0.004868299,0.00043964386,0.0,3
10-07-2019 13:10:59,-0.2627716,0.29988098,10.0784,0.002874937,-0.0032252967,0.00074386597,0.0,3
10-07-2019 13:11:00,-0.27294922,0.28910828,10.0269165,0.0049610436,8.7291e-05,0.0026197433,0,2
10-07-2019 13:11:00,-0.28312683,0.30885315,10.006561,-0.026536107,-0.0020129085,0.016413689,0,2
10-07-2019 13:11:00,-0.28671265,0.32202148,10.037689,-0.010135852,0.015730739,-0.021612167,0,2
10-07-2019 13:11:00,-0.28611755,0.31184387,9.98262,0.0042672083,-0.0039554536,-0.005162239,0,2
10-07-2019 13:11:00,-0.2926941,0.32920837,10.041885,0.009927407,0.0020146668,-0.0067300797,0,2
10-07-2019 13:11:00,-0.28372192,0.31004333,9.980835,0.013211302,-0.00040087104,0.0061416626,0.0,2
10-07-2019 13:11:00,-0.27713013,0.30766296,10.031708,0.0035996288,0.0043566525,-0.0005636215,0.0,2
10-07-2019 13:11:00,-0.27593994,0.30526733,10.031113,0.0037392005,-0.00030854344,-0.0010652542,0.0,2
10-07-2019 13:11:00,-0.27593994,0.32263184,10.023331,-0.011682779,0.0017581284,0.0010480881,0.0,2
10-07-2019 13:11:00,-0.27233887,0.3244171,10.010162,0.0109548345,0.0014927387,-0.0031900406,0.0,2
10-07-2019 13:11:00,-0.2735443,0.30944824,10.033508,0.0028664991,-0.007529527,0.0010461807,0.0,2
10-07-2019 13:11:00,-0.27833557,0.3142395,10.022736,-0.0003950931,0.00032415986,0.00012588501,0.0,2
10-07-2019 13:11:00,-0.2735443,0.31304932,10.008362,-0.0039761886,-0.0002888739,0.002858162,0.0,2
10-07-2019 13:11:00,-0.26934814,0.32261658,10.006561,0.008216586,-0.0027053952,0.0015068054,0.0,2
10-07-2019 13:11:00,-0.28312683,0.31723022,10.04129,0.005522959,0.0017520189,0.0060510635,0.0,2
10-07-2019 13:11:00,-0.25558472,0.31184387,10.020935,-0.00058227405,0.0054127276,0.0020542145,0.0,2
10-07-2019 13:11:00,-0.2633667,0.31604004,10.00119,0.0031635314,0.0035374463,-0.00035381317,0.0,2
10-07-2019 13:11:00,-0.25019836,0.30825806,10.035904,0.00075809285,0.0008007884,4.1007996e-05,0.0,2
10-07-2019 13:11:00,-0.27293396,0.29927063,10.044876,-0.0008039661,0.0017358959,0.0020132065,0.0,2
10-07-2019 13:11:00,-0.26576233,0.31962585,10.003586,0.0007563047,-0.0017330348,-0.0011405945,0.0,2
10-07-2019 13:11:00,-0.2926941,0.3244171,10.055649,-0.0007577054,0.0007671416,0.0049848557,0.0,2
10-07-2019 13:11:00,-0.28552246,0.29867554,10.018539,-0.0015979223,0.0011924207,0.0035181046,0.0,2
10-07-2019 13:11:00,-0.2819214,0.2956848,10.061035,0.00044230744,0.0009972751,0.00038814545,0.0,2
10-07-2019 13:11:00,-0.24661255,0.28611755,10.00119,0.001961071,0.0003388226,-0.0028429031,0.0,2
10-07-2019 13:11:00,-0.29029846,0.30706787,10.067627,0.0032646246,-0.0020230412,0.0015668869,0.0,2
10-07-2019 13:11:00,-0.28730774,0.331604,10.027512,0.0009370521,0.0016523898,-0.00054359436,0.0,2
10-07-2019 13:11:00,-0.27713013,0.29388428,10.106522,0.0009713769,-0.004868299,0.00043964386,0.0,2
10-07-2019 13:11:00,-0.2627716,0.29988098,10.0784,0.002874937,-0.0032252967,0.00074386597,0.0,2
10-07-2019 13:11:00,-0.24720764,0.3028717,10.037094,0.0034724958,-0.00047177076,0.0008497238,0.0,2
10-07-2019 13:11:00,-0.21788025,0.24900818,10.069412,-6.6034496e-05,-0.0006095171,-0.0005598068,0.0,2
10-07-2019 13:11:00,-0.331604,0.20291138,10.382462,-0.0018285923,0.00037646294,-0.0020561218,0.0,2
10-07-2019 13:11:00,-0.2675476,0.2519989,10.247192,0.00065605715,-0.00065404177,-0.0030374527,0.0,2
10-07-2019 13:11:00,0.08560181,0.47885132,9.39006,0.002301097,-8.1032515e-05,-0.0010919571,0.0,2
10-07-2019 13:11:00,-0.068237305,0.36273193,9.791687,0.003081333,0.0010345876,0.0016117096,0.0,2
10-07-2019 13:11:00,-0.085006714,0.26455688,10.109528,0.0051766746,-0.00085660815,0.00308609,0.0,2
10-07-2019 13:11:00,-0.08140564,0.3028717,9.94252,0.0051876195,0.0017389953,-0.0012483597,0.0,2
10-07-2019 13:11:00,-0.08558655,0.27174377,10.077194,2.7742237e-05,0.0022881925,0.0011205673,0.0,2
10-07-2019 13:11:00,-0.073028564,0.2992859,9.984421,0.0014133789,4.0322542e-05,-0.0028715134,0.0,2
10-07-2019 13:11:00,-0.073028564,0.29389954,10.044281,0.0024700537,-0.00016739964,0.0006170273,0.0,2
10-07-2019 13:11:00,-0.08320618,0.2741394,10.0269165,0.0026189946,0.0002641976,-0.0010099411,0.0,2
10-07-2019 13:11:00,-0.08140564,0.27174377,10.001785,0.0038931705,-9.062886e-05,-0.0035037994,0.0,2
10-07-2019 13:11:00,-0.10295105,0.25857544,10.007172,0.0033937003,-0.0008864701,0.0035305023,0.0,2
10-07-2019 13:11:00,-0.09877014,0.27593994,9.997589,0.004693644,-0.0028402507,0.0021486282,0.0,2
