09-30-2019 16:58:10,-0.585495,-0.5559387,9.456375,0,0,0,0.0,3
09-30-2019 16:58:10,-0.58251953,-0.55856323,9.4614105,0.00021356344,-0.001835227,-0.00046920776,0.0,3
09-30-2019 16:58:10,-0.5832367,-0.5601196,9.466797,0.0011557937,-0.0028277636,0.006052971,0.0,3
09-30-2019 16:58:10,-0.5815582,-0.5626373,9.471344,1.8537045e-05,-0.0021959543,0.00095558167,0.0,3
09-30-2019 16:58:10,-0.58143616,-0.5543823,9.476486,0.002009213,0.002809465,0.0035820007,0.0,3
09-30-2019 16:58:10,-0.5790405,-0.5547333,9.45195,0.0024685264,0.0026789904,-0.004248619,0.0,3
09-30-2019 16:58:10,-0.57928467,-0.5566559,9.458771,0.0010120273,-0.0013584495,-0.002910614,0.0,3
09-30-2019 16:58:10,-0.5859833,-0.5590515,9.4301605,0.00061768293,-0.0012369752,-0.0019636154,0.0,3
09-30-2019 16:58:10,-0.5865936,-0.5638428,9.452316,0,0,0,0.0,3
09-30-2019 16:58:10,-0.584198,-0.5626373,9.452911,-0.0007375479,-0.0022542477,0.011058807,0.0,3
09-30-2019 16:58:10,-0.58239746,-0.56204224,9.454712,0.0013079047,-0.00036084652,0.0078020096,0.0,3
09-30-2019 16:58:10,-0.5805969,-0.5566559,9.450516,0.0041393638,0.004040718,0.0036754608,0.0,3
09-30-2019 16:58:10,-0.58418274,-0.557251,9.44812,9.161234e-05,0.0023032427,0.0008363724,0.0,3
09-30-2019 16:58:10,-0.58239746,-0.5590515,9.450516,0.0010396838,0.00035327673,0.0021429062,0.0,3
09-30-2019 16:58:10,-0.58000183,-0.5632477,9.454712,0.0018513799,-0.0027244687,0.0041894913,0.0,3
09-30-2019 16:58:10,-0.58358765,-0.5596466,9.44693,-0.0016279817,-0.001054883,0.0012130737,0.0,3
09-30-2019 16:58:10,-0.584198,-0.5626373,9.452316,0.0059669614,0.0014869571,0.00078868866,0.0,3
09-30-2019 16:58:10,-0.5734253,-0.5590515,9.452316,-0.0024200082,-0.0019317269,0.0004930496,0.0,3
09-30-2019 16:58:10,-0.58239746,-0.5632477,9.452316,0.0018002391,-0.00148803,0.0014953613,0.0,3
09-30-2019 16:58:10,-0.57699585,-0.5632477,9.454102,-0.00074231625,0.00073719025,-0.004252434,0.0,3
09-30-2019 16:58:10,-0.58299255,-0.5638428,9.447525,-0.0010858774,-0.0026349425,-0.0028562546,0.0,3
09-30-2019 16:58:10,-0.5787964,-0.56025696,9.44632,-0.002937436,0.0006698966,-0.0022993088,0.0,3
09-30-2019 16:58:10,-0.57940674,-0.56443787,9.446335,-0.0014307499,-0.00018745661,-0.0014925003,0.0,3
09-30-2019 16:58:10,-0.58239746,-0.56144714,9.4457245,-0.0019690394,0.0010347962,0.0010080338,0.0,3
09-30-2019 16:58:10,-0.5817871,-0.5632324,9.4457245,0.0016652942,0.0002580285,0.0010633469,0.0,3
09-30-2019 16:58:10,-0.5865936,-0.56204224,9.453506,0.00016450882,0.0040305257,-0.0013017654,0.0,3
09-30-2019 16:58:10,-0.58299255,-0.56204224,9.448715,-0.001044333,-0.0009780526,-0.002070427,0.0,3
09-30-2019 16:58:10,-0.5782013,-0.5626373,9.449326,0.00022685528,-0.0035308003,-0.0041513443,0.0,3
09-30-2019 16:58:10,-0.57940674,-0.5566559,9.446335,-0.0027039647,0.005437672,0.008387566,0.0,3
09-30-2019 16:58:10,-0.581192,-0.56204224,9.444534,-0.00034600496,-0.00039589405,-0.0011949539,0.0,3
09-30-2019 16:58:10,-0.5787964,-0.5578613,9.4457245,0.001393199,-0.0010640025,-0.0015993118,0.0,3
09-30-2019 16:58:10,-0.58000183,-0.5668335,9.440338,0.0013878942,-0.0004235506,0.00050354004,0.0,3
09-30-2019 16:58:10,-0.5847931,-0.55426025,9.457092,-0.0054140687,0.0024953485,-0.0020284653,0.0,3
09-30-2019 16:58:10,-0.5817871,-0.56085205,9.44693,-0.0006543398,0.003326714,0.0022277832,0.0,3
09-30-2019 16:58:10,-0.5787964,-0.5626373,9.4457245,0.0033663511,-9.596348e-05,-0.00046634674,0.0,3
09-30-2019 16:58:10,-0.5847931,-0.5608368,9.454712,0.0019757152,0.00024312735,-0.0035028458,0.0,3
09-30-2019 16:58:10,-0.5776062,-0.56204224,9.44812,-0.00016635656,-0.00044494867,0.004467964,0.0,3
09-30-2019 16:58:10,-0.5877838,-0.55784607,9.444534,-0.0012373328,0.0029889941,-0.00022983551,0.0,3
09-30-2019 16:58:10,-0.58299255,-0.55545044,9.449921,-0.0013555288,-0.0017074943,-0.001739502,0.0,3
09-30-2019 16:58:10,-0.5776062,-0.5596466,9.44693,-0.0056884885,0.002020657,0.0012378693,0.0,3
09-30-2019 16:58:10,-0.5740204,-0.5638275,9.451111,0.0010504723,-0.0033313036,-0.0027418137,0.0,3
09-30-2019 16:58:10,-0.5776062,-0.5596466,9.442139,-0.0004477501,0.0020727515,-0.002623558,0.0,3
09-30-2019 16:58:10,-0.585495,-0.5559387,9.456375,0,0,0,0.0,3
09-30-2019 16:58:10,-0.58251953,-0.55856323,9.4614105,0.00021356344,-0.001835227,-0.00046920776,0.0,3
09-30-2019 16:58:10,-0.5832367,-0.5601196,9.466797,0.0011557937,-0.0028277636,0.006052971,0.0,3
09-30-2019 16:58:10,-0.5815582,-0.5626373,9.471344,1.8537045e-05,-0.0021959543,0.00095558167,0.0,3
09-30-2019 16:58:10,-0.58143616,-0.5543823,9.476486,0.002009213,0.002809465,0.0035820007,0.0,3
09-30-2019 16:58:10,-0.5790405,-0.5547333,9.45195,0.0024685264,0.0026789904,-0.004248619,0.0,3
09-30-2019 16:58:10,-0.57928467,-0.5566559,9.458771,0.0010120273,-0.0013584495,-0.002910614,0.0,3
09-30-2019 16:58:10,-0.5859833,-0.5590515,9.4301605,0.00061768293,-0.0012369752,-0.0019636154,0.0,3
09-30-2019 16:58:10,-0.5865936,-0.5638428,9.452316,0,0,0,0.0,3
09-30-2019 16:58:10,-0.584198,-0.5626373,9.452911,-0.0007375479,-0.0022542477,0.011058807,0.0,3
09-30-2019 16:58:10,-0.58239746,-0.56204224,9.454712,0.0013079047,-0.00036084652,0.0078020096,0.0,3
09-30-2019 16:58:10,-0.5805969,-0.5566559,9.450516,0.0041393638,0.004040718,0.0036754608,0.0,3
09-30-2019 16:58:10,-0.58418274,-0.557251,9.44812,9.161234e-05,0.0023032427,0.0008363724,0.0,3
09-30-2019 16:58:10,-0.58239746,-0.5590515,9.450516,0.0010396838,0.00035327673,0.0021429062,0.0,3
09-30-2019 16:58:10,-0.58000183,-0.5632477,9.454712,0.0018513799,-0.0027244687,0.0041894913,0.0,3
09-30-2019 16:58:10,-0.58358765,-0.5596466,9.44693,-0.0016279817,-0.001054883,0.0012130737,0.0,3
09-30-2019 16:58:10,-0.584198,-0.5626373,9.452316,0.0059669614,0.0014869571,0.00078868866,0.0,3
09-30-2019 16:58:10,-0.5734253,-0.5590515,9.452316,-0.0024200082,-0.0019317269,0.0004930496,0.0,3
09-30-2019 16:58:10,-0.58239746,-0.5632477,9.452316,0.0018002391,-0.00148803,0.0014953613,0.0,3
09-30-2019 16:58:10,-0.57699585,-0.5632477,9.454102,-0.00074231625,0.00073719025,-0.004252434,0.0,3
09-30-2019 16:58:10,-0.58299255,-0.5638428,9.447525,-0.0010858774,-0.0026349425,-0.0028562546,0.0,3
09-30-2019 16:58:10,-0.5787964,-0.56025696,9.44632,-0.002937436,0.0006698966,-0.0022993088,0.0,3
09-30-2019 16:58:10,-0.57940674,-0.56443787,9.446335,-0.0014307499,-0.00018745661,-0.0014925003,0.0,3
09-30-2019 16:58:10,-0.58239746,-0.56144714,9.4457245,-0.0019690394,0.0010347962,0.0010080338,0.0,3
09-30-2019 16:58:10,-0.5817871,-0.5632324,9.4457245,0.0016652942,0.0002580285,0.0010633469,0.0,3
09-30-2019 16:58:10,-0.5865936,-0.56204224,9.453506,0.00016450882,0.0040305257,-0.0013017654,0.0,3
09-30-2019 16:58:10,-0.58299255,-0.56204224,9.448715,-0.001044333,-0.0009780526,-0.002070427,0.0,3
09-30-2019 16:58:10,-0.5782013,-0.5626373,9.449326,0.00022685528,-0.0035308003,-0.0041513443,0.0,3
09-30-2019 16:58:15,-0.58251953,-0.55856323,9.4614105,0.00021356344,-0.001835227,-0.00046920776,0.0,2
09-30-2019 16:58:15,-0.5832367,-0.5601196,9.466797,0.0011557937,-0.0028277636,0.006052971,0.0,2
09-30-2019 16:58:15,-0.5815582,-0.5626373,9.471344,1.8537045e-05,-0.0021959543,0.00095558167,0.0,2
09-30-2019 16:58:15,-0.58143616,-0.5543823,9.476486,0.002009213,0.002809465,0.0035820007,0.0,2
09-30-2019 16:58:15,-0.5790405,-0.5547333,9.45195,0.0024685264,0.0026789904,-0.004248619,0.0,2
09-30-2019 16:58:15,-0.57928467,-0.5566559,9.458771,0.0010120273,-0.0013584495,-0.002910614,0.0,2
09-30-2019 16:58:15,-0.5859833,-0.5590515,9.4301605,0.00061768293,-0.0012369752,-0.0019636154,0.0,2
09-30-2019 16:58:15,-0.5865936,-0.5638428,9.452316,0,0,0,0.0,2
09-30-2019 16:58:15,-0.584198,-0.5626373,9.452911,-0.0007375479,-0.0022542477,0.011058807,0.0,2
09-30-2019 16:58:15,-0.58239746,-0.56204224,9.454712,0.0013079047,-0.00036084652,0.0078020096,0.0,2
09-30-2019 16:58:15,-0.5805969,-0.5566559,9.450516,0.0041393638,0.004040718,0.0036754608,0.0,2
09-30-2019 16:58:15,-0.58418274,-0.557251,9.44812,9.161234e-05,0.0023032427,0.0008363724,0.0,2
09-30-2019 16:58:15,-0.58239746,-0.5590515,9.450516,0.0010396838,0.00035327673,0.0021429062,0.0,2
09-30-2019 16:58:15,-0.58000183,-0.5632477,9.454712,0.0018513799,-0.0027244687,0.0041894913,0.0,2
09-30-2019 16:58:15,-0.58358765,-0.5596466,9.44693,-0.0016279817,-0.001054883,0.0012130737,0.0,2
09-30-2019 16:58:15,-0.584198,-0.5626373,9.452316,0.0059669614,0.0014869571,0.00078868866,0.0,2
09-30-2019 16:58:15,-0.5734253,-0.5590515,9.452316,-0.0024200082,-0.0019317269,0.0004930496,0.0,2
09-30-2019 16:58:15,-0.58239746,-0.5632477,9.452316,0.0018002391,-0.00148803,0.0014953613,0.0,2
09-30-2019 16:58:15,-0.57699585,-0.5632477,9.454102,-0.00074231625,0.00073719025,-0.004252434,0.0,2
09-30-2019 16:58:15,-0.58299255,-0.5638428,9.447525,-0.0010858774,-0.0026349425,-0.0028562546,0.0,2
09-30-2019 16:58:15,-0.5787964,-0.56025696,9.44632,-0.002937436,0.0006698966,-0.0022993088,0.0,2
09-30-2019 16:58:15,-0.57940674,-0.56443787,9.446335,-0.0014307499,-0.00018745661,-0.0014925003,0.0,2
09-30-2019 16:58:15,-0.58239746,-0.56144714,9.4457245,-0.0019690394,0.0010347962,0.0010080338,0.0,2
09-30-2019 16:58:15,-0.5817871,-0.5632324,9.4457245,0.0016652942,0.0002580285,0.0010633469,0.0,2
09-30-2019 16:58:15,-0.5865936,-0.56204224,9.453506,0.00016450882,0.0040305257,-0.0013017654,0.0,2
09-30-2019 16:58:15,-0.58299255,-0.56204224,9.448715,-0.001044333,-0.0009780526,-0.002070427,0.0,2
09-30-2019 16:58:15,-0.5782013,-0.5626373,9.449326,0.00022685528,-0.0035308003,-0.0041513443,0.0,2
09-30-2019 16:58:15,-0.57940674,-0.5566559,9.446335,-0.0027039647,0.005437672,0.008387566,0.0,2
09-30-2019 16:58:15,-0.581192,-0.56204224,9.444534,-0.00034600496,-0.00039589405,-0.0011949539,0.0,2
09-30-2019 16:58:15,-0.5787964,-0.5578613,9.4457245,0.001393199,-0.0010640025,-0.0015993118,0.0,2
09-30-2019 16:58:15,-0.58000183,-0.5668335,9.440338,0.0013878942,-0.0004235506,0.00050354004,0.0,2
09-30-2019 16:58:15,-0.5847931,-0.55426025,9.457092,-0.0054140687,0.0024953485,-0.0020284653,0.0,2
09-30-2019 16:58:15,-0.5817871,-0.56085205,9.44693,-0.0006543398,0.003326714,0.0022277832,0.0,2
09-30-2019 16:58:15,-0.5787964,-0.5626373,9.4457245,0.0033663511,-9.596348e-05,-0.00046634674,0.0,2
09-30-2019 16:58:15,-0.5847931,-0.5608368,9.454712,0.0019757152,0.00024312735,-0.0035028458,0.0,2
09-30-2019 16:58:15,-0.5776062,-0.56204224,9.44812,-0.00016635656,-0.00044494867,0.004467964,0.0,2
09-30-2019 16:58:15,-0.5877838,-0.55784607,9.444534,-0.0012373328,0.0029889941,-0.00022983551,0.0,2
09-30-2019 16:58:15,-0.58299255,-0.55545044,9.449921,-0.0013555288,-0.0017074943,-0.001739502,0.0,2
09-30-2019 16:58:15,-0.5776062,-0.5596466,9.44693,-0.0056884885,0.002020657,0.0012378693,0.0,2
09-30-2019 16:58:15,-0.5740204,-0.5638275,9.451111,0.0010504723,-0.0033313036,-0.0027418137,0.0,2
09-30-2019 16:58:15,-0.5776062,-0.5596466,9.442139,-0.0004477501,0.0020727515,-0.002623558,0.0,2
09-30-2019 16:58:15,-0.58000183,-0.56085205,9.452316,0.00014710426,0.0014976263,0.0010824203,0.0,2
09-30-2019 16:58:15,-0.5817871,-0.55545044,9.447525,-0.0017706752,-0.00023919344,0.0023012161,0.0,2
09-30-2019 16:58:15,-0.58299255,-0.56085205,9.445129,0.0003629923,-0.003851235,-9.727478e-05,0.0,2
09-30-2019 16:58:15,-0.5847931,-0.5626373,9.438538,0.0037372112,-0.00033181906,0.00031661987,0.0,2
09-30-2019 16:58:15,-0.5895691,-0.5566559,9.44873,-0.0014824271,0.0042462945,0.0017900467,0.0,2
09-30-2019 16:58:15,-0.58299255,-0.5638275,9.443329,0.00025641918,-0.0013455749,0.0007314682,0.0,2
09-30-2019 16:58:15,-0.5847931,-0.557251,9.442139,-0.00031280518,-2.6285648e-05,0.00095653534,0.0,2
09-30-2019 16:58:15,-0.5847931,-0.557251,9.446335,-0.0010857582,-0.00066041946,-0.00012683868,0.0,2
09-30-2019 16:58:15,-0.58239746,-0.56025696,9.442734,0.0020567775,-0.0031031966,-0.004040718,0.0,2
09-30-2019 16:58:15,-0.5877838,-0.5584564,9.44873,0.0020529628,-0.0019455552,-0.0027170181,0.0,2
09-30-2019 16:58:15,-0.5847931,-0.5638275,9.446335,-0.0005636811,-0.0012616515,0.0041770935,0.0,2
09-30-2019 16:58:15,-0.57940674,-0.5602417,9.44693,-0.003639698,-0.0041288733,0.0019330978,0.0,2
09-30-2019 16:58:15,-0.5853882,-0.5530548,9.449326,-0.0005143881,0.0018108487,-0.0026922226,0.0,2
09-30-2019 16:58:15,-0.5817871,-0.55545044,9.450516,0.003636539,0.001313746,-0.0006227493,0.0,2
09-30-2019 16:58:15,-0.58358765,-0.5578613,9.448715,0.0024178028,4.9710274e-05,-0.0019893646,0.0,2
09-30-2019 16:58:15,-0.5853882,-0.557251,9.44931,0.00052183867,0.002159536,-0.0024871826,0.0,2
09-30-2019 16:58:15,-0.5871887,-0.5584564,9.44812,0.0028055906,-0.0007265806,0.004327774,0.0,2
09-30-2019 16:58:15,-0.58358765,-0.5626373,9.442139,-0.0015475154,0.0006786585,0.004467964,0.0,2
09-30-2019 16:58:15,-0.58358765,-0.56204224,9.449921,0.0015321374,-0.002460897,-0.0025777817,0.0,2
09-30-2019 16:58:15,-0.58239746,-0.56204224,9.442139,0.004303932,3.552437e-05,0.0022306442,0.0,2
09-30-2019 16:58:15,-0.5859833,-0.56144714,9.451111,-0.0004031062,-0.0005363822,0.0011005402,0.0,2
09-30-2019 16:58:15,-0.59017944,-0.56562805,9.449921,-0.0011004806,-0.000957191,0.0023317337,0.0,2
09-30-2019 16:58:15,-0.5877838,-0.5584564,9.443939,-0.0029364228,-0.005190611,0.0015668869,0.0,2
09-30-2019 16:58:15,-0.58358765,-0.5590515,9.451111,9.649992e-05,-0.0051662326,0.00062179565,0.0,2
09-30-2019 16:58:15,-0.5817871,-0.5578613,9.4457245,-2.7477741e-05,-1.2934208e-05,-0.0007753372,0.0,2
09-30-2019 16:58:15,-0.58239746,-0.5590515,9.443329,0.0015689731,0.0012993217,0.0014572144,0.0,2
09-30-2019 16:58:15,-0.5847931,-0.5560608,9.441528,0.0028980374,0.0014915466,0.0053720474,0.0,2
09-30-2019 16:58:15,-0.5817871,-0.5584564,9.450516,-0.00067842007,-0.002075076,0.0015468597,0.0,2
09-30-2019 16:58:15,-0.57940674,-0.5632324,9.444534,-0.001722157,-0.00043267012,0.004986763,0.0,2
09-30-2019 16:58:15,-0.5871887,-0.5560608,9.452911,-0.00025880337,-0.0044772625,0.006884575,0.0,2
09-30-2019 16:58:15,-0.585495,-0.5559387,9.456375,0,0,0,0.0,2
09-30-2019 16:58:15,-0.58251953,-0.55856323,9.4614105,0.00021356344,-0.001835227,-0.00046920776,0.0,2
09-30-2019 16:58:15,-0.5832367,-0.5601196,9.466797,0.0011557937,-0.0028277636,0.006052971,0.0,2
09-30-2019 16:58:15,-0.5815582,-0.5626373,9.471344,1.8537045e-05,-0.0021959543,0.00095558167,0.0,2
09-30-2019 16:58:15,-0.58143616,-0.5543823,9.476486,0.002009213,0.002809465,0.0035820007,0.0,2
09-30-2019 16:58:15,-0.5790405,-0.5547333,9.45195,0.0024685264,0.0026789904,-0.004248619,0.0,2
09-30-2019 16:58:15,-0.57928467,-0.5566559,9.458771,0.0010120273,-0.0013584495,-0.002910614,0.0,2
09-30-2019 16:58:15,-0.5859833,-0.5590515,9.4301605,0.00061768293,-0.0012369752,-0.0019636154,0.0,2
09-30-2019 16:58:15,-0.5865936,-0.5638428,9.452316,0,0,0,0.0,2
09-30-2019 16:58:15,-0.584198,-0.5626373,9.452911,-0.0007375479,-0.0022542477,0.011058807,0.0,2
09-30-2019 16:58:15,-0.58239746,-0.56204224,9.454712,0.0013079047,-0.00036084652,0.0078020096,0.0,2
09-30-2019 16:58:15,-0.5805969,-0.5566559,9.450516,0.0041393638,0.004040718,0.0036754608,0.0,2
09-30-2019 16:58:15,-0.58418274,-0.557251,9.44812,9.161234e-05,0.0023032427,0.0008363724,0.0,2
09-30-2019 16:58:15,-0.58239746,-0.5590515,9.450516,0.0010396838,0.00035327673,0.0021429062,0.0,2
09-30-2019 16:58:15,-0.58000183,-0.5632477,9.454712,0.0018513799,-0.0027244687,0.0041894913,0.0,2
09-30-2019 16:58:15,-0.58358765,-0.5596466,9.44693,-0.0016279817,-0.001054883,0.0012130737,0.0,2
09-30-2019 16:58:15,-0.584198,-0.5626373,9.452316,0.0059669614,0.0014869571,0.00078868866,0.0,2
09-30-2019 16:58:15,-0.5734253,-0.5590515,9.452316,-0.0024200082,-0.0019317269,0.0004930496,0.0,2
09-30-2019 16:58:15,-0.58239746,-0.5632477,9.452316,0.0018002391,-0.00148803,0.0014953613,0.0,2
09-30-2019 16:58:15,-0.57699585,-0.5632477,9.454102,-0.00074231625,0.00073719025,-0.004252434,0.0,2
09-30-2019 16:58:15,-0.58299255,-0.5638428,9.447525,-0.0010858774,-0.0026349425,-0.0028562546,0.0,2
09-30-2019 16:58:15,-0.5787964,-0.56025696,9.44632,-0.002937436,0.0006698966,-0.0022993088,0.0,2
09-30-2019 16:58:15,-0.57940674,-0.56443787,9.446335,-0.0014307499,-0.00018745661,-0.0014925003,0.0,2
09-30-2019 16:58:15,-0.58239746,-0.56144714,9.4457245,-0.0019690394,0.0010347962,0.0010080338,0.0,2
09-30-2019 16:58:15,-0.5817871,-0.5632324,9.4457245,0.0016652942,0.0002580285,0.0010633469,0.0,2
09-30-2019 16:58:15,-0.5865936,-0.56204224,9.453506,0.00016450882,0.0040305257,-0.0013017654,0.0,2
09-30-2019 16:58:15,-0.58299255,-0.56204224,9.448715,-0.001044333,-0.0009780526,-0.002070427,0.0,2
09-30-2019 16:58:15,-0.5782013,-0.5626373,9.449326,0.00022685528,-0.0035308003,-0.0041513443,0.0,2
09-30-2019 16:58:15,-0.57940674,-0.5566559,9.446335,-0.0027039647,0.005437672,0.008387566,0.0,2
09-30-2019 16:58:15,-0.581192,-0.56204224,9.444534,-0.00034600496,-0.00039589405,-0.0011949539,0.0,2
09-30-2019 16:58:15,-0.5787964,-0.5578613,9.4457245,0.001393199,-0.0010640025,-0.0015993118,0.0,2
09-30-2019 16:58:15,-0.58000183,-0.5668335,9.440338,0.0013878942,-0.0004235506,0.00050354004,0.0,2
09-30-2019 16:58:15,-0.5847931,-0.55426025,9.457092,-0.0054140687,0.0024953485,-0.0020284653,0.0,2
09-30-2019 16:58:15,-0.5817871,-0.56085205,9.44693,-0.0006543398,0.003326714,0.0022277832,0.0,2
09-30-2019 16:58:15,-0.5787964,-0.5626373,9.4457245,0.0033663511,-9.596348e-05,-0.00046634674,0.0,2
09-30-2019 16:58:15,-0.5847931,-0.5608368,9.454712,0.0019757152,0.00024312735,-0.0035028458,0.0,2
09-30-2019 16:58:15,-0.5776062,-0.56204224,9.44812,-0.00016635656,-0.00044494867,0.004467964,0.0,2
09-30-2019 16:58:15,-0.5877838,-0.55784607,9.444534,-0.0012373328,0.0029889941,-0.00022983551,0.0,2
09-30-2019 16:58:15,-0.58299255,-0.55545044,9.449921,-0.0013555288,-0.0017074943,-0.001739502,0.0,2
09-30-2019 16:58:15,-0.5776062,-0.5596466,9.44693,-0.0056884885,0.002020657,0.0012378693,0.0,2
09-30-2019 16:58:15,-0.5740204,-0.5638275,9.451111,0.0010504723,-0.0033313036,-0.0027418137,0.0,2
09-30-2019 16:58:15,-0.5776062,-0.5596466,9.442139,-0.0004477501,0.0020727515,-0.002623558,0.0,2
09-30-2019 16:58:15,-0.58000183,-0.56085205,9.452316,0.00014710426,0.0014976263,0.0010824203,0.0,2
09-30-2019 16:58:15,-0.5817871,-0.55545044,9.447525,-0.0017706752,-0.00023919344,0.0023012161,0.0,2
09-30-2019 16:58:15,-0.58299255,-0.56085205,9.445129,0.0003629923,-0.003851235,-9.727478e-05,0.0,2
09-30-2019 16:58:15,-0.5847931,-0.5626373,9.438538,0.0037372112,-0.00033181906,0.00031661987,0.0,2
09-30-2019 16:58:15,-0.5895691,-0.5566559,9.44873,-0.0014824271,0.0042462945,0.0017900467,0.0,2
09-30-2019 16:58:15,-0.58299255,-0.5638275,9.443329,0.00025641918,-0.0013455749,0.0007314682,0.0,2
09-30-2019 16:58:15,-0.5847931,-0.557251,9.442139,-0.00031280518,-2.6285648e-05,0.00095653534,0.0,2
09-30-2019 16:58:15,-0.5847931,-0.557251,9.446335,-0.0010857582,-0.00066041946,-0.00012683868,0.0,2
09-30-2019 16:58:15,-0.58239746,-0.56025696,9.442734,0.0020567775,-0.0031031966,-0.004040718,0.0,2
09-30-2019 16:58:15,-0.5877838,-0.5584564,9.44873,0.0020529628,-0.0019455552,-0.0027170181,0.0,2
09-30-2019 16:58:15,-0.5847931,-0.5638275,9.446335,-0.0005636811,-0.0012616515,0.0041770935,0.0,2
09-30-2019 16:58:15,-0.57940674,-0.5602417,9.44693,-0.003639698,-0.0041288733,0.0019330978,0.0,2
09-30-2019 16:58:15,-0.5853882,-0.5530548,9.449326,-0.0005143881,0.0018108487,-0.0026922226,0.0,2
09-30-2019 16:58:15,-0.5817871,-0.55545044,9.450516,0.003636539,0.001313746,-0.0006227493,0.0,2
09-30-2019 16:58:15,-0.58358765,-0.5578613,9.448715,0.0024178028,4.9710274e-05,-0.0019893646,0.0,2
09-30-2019 16:58:15,-0.5853882,-0.557251,9.44931,0.00052183867,0.002159536,-0.0024871826,0.0,2
09-30-2019 16:58:15,-0.5871887,-0.5584564,9.44812,0.0028055906,-0.0007265806,0.004327774,0.0,2
09-30-2019 16:58:15,-0.58358765,-0.5626373,9.442139,-0.0015475154,0.0006786585,0.004467964,0.0,2
09-30-2019 16:58:15,-0.58358765,-0.56204224,9.449921,0.0015321374,-0.002460897,-0.0025777817,0.0,2
09-30-2019 16:58:15,-0.58239746,-0.56204224,9.442139,0.004303932,3.552437e-05,0.0022306442,0.0,2
09-30-2019 16:58:15,-0.5859833,-0.56144714,9.451111,-0.0004031062,-0.0005363822,0.0011005402,0.0,2
09-30-2019 16:58:15,-0.59017944,-0.56562805,9.449921,-0.0011004806,-0.000957191,0.0023317337,0.0,2
09-30-2019 16:58:15,-0.5877838,-0.5584564,9.443939,-0.0029364228,-0.005190611,0.0015668869,0.0,2
09-30-2019 16:58:15,-0.58358765,-0.5590515,9.451111,9.649992e-05,-0.0051662326,0.00062179565,0.0,2
09-30-2019 16:58:15,-0.5817871,-0.5578613,9.4457245,-2.7477741e-05,-1.2934208e-05,-0.0007753372,0.0,2
09-30-2019 16:58:15,-0.58239746,-0.5590515,9.443329,0.0015689731,0.0012993217,0.0014572144,0.0,2
09-30-2019 16:58:15,-0.5847931,-0.5560608,9.441528,0.0028980374,0.0014915466,0.0053720474,0.0,2
09-30-2019 16:58:15,-0.5817871,-0.5584564,9.450516,-0.00067842007,-0.002075076,0.0015468597,0.0,2
09-30-2019 16:58:15,-0.57940674,-0.5632324,9.444534,-0.001722157,-0.00043267012,0.004986763,0.0,2
09-30-2019 16:58:15,-0.5871887,-0.5560608,9.452911,-0.00025880337,-0.0044772625,0.006884575,0.0,2
09-30-2019 16:58:15,-0.585495,-0.5559387,9.456375,0,0,0,0.0,2
09-30-2019 16:58:15,-0.58251953,-0.55856323,9.4614105,0.00021356344,-0.001835227,-0.00046920776,0.0,2
09-30-2019 16:58:15,-0.5832367,-0.5601196,9.466797,0.0011557937,-0.0028277636,0.006052971,0.0,2
09-30-2019 16:58:15,-0.5815582,-0.5626373,9.471344,1.8537045e-05,-0.0021959543,0.00095558167,0.0,2
09-30-2019 16:58:15,-0.58143616,-0.5543823,9.476486,0.002009213,0.002809465,0.0035820007,0.0,2
09-30-2019 16:58:15,-0.5790405,-0.5547333,9.45195,0.0024685264,0.0026789904,-0.004248619,0.0,2
09-30-2019 16:58:15,-0.57928467,-0.5566559,9.458771,0.0010120273,-0.0013584495,-0.002910614,0.0,2
09-30-2019 16:58:15,-0.5859833,-0.5590515,9.4301605,0.00061768293,-0.0012369752,-0.0019636154,0.0,2
09-30-2019 16:58:15,-0.5865936,-0.5638428,9.452316,0,0,0,0.0,2
09-30-2019 16:58:15,-0.584198,-0.5626373,9.452911,-0.0007375479,-0.0022542477,0.011058807,0.0,2
09-30-2019 16:58:15,-0.58239746,-0.56204224,9.454712,0.0013079047,-0.00036084652,0.0078020096,0.0,2
09-30-2019 16:58:15,-0.5805969,-0.5566559,9.450516,0.0041393638,0.004040718,0.0036754608,0.0,2
09-30-2019 16:58:15,-0.58418274,-0.557251,9.44812,9.161234e-05,0.0023032427,0.0008363724,0.0,2
09-30-2019 16:58:15,-0.58239746,-0.5590515,9.450516,0.0010396838,0.00035327673,0.0021429062,0.0,2
09-30-2019 16:58:15,-0.58000183,-0.5632477,9.454712,0.0018513799,-0.0027244687,0.0041894913,0.0,2
09-30-2019 16:58:15,-0.58358765,-0.5596466,9.44693,-0.0016279817,-0.001054883,0.0012130737,0.0,2
09-30-2019 16:58:15,-0.584198,-0.5626373,9.452316,0.0059669614,0.0014869571,0.00078868866,0.0,2
09-30-2019 16:58:15,-0.5734253,-0.5590515,9.452316,-0.0024200082,-0.0019317269,0.0004930496,0.0,2
09-30-2019 16:58:15,-0.58239746,-0.5632477,9.452316,0.0018002391,-0.00148803,0.0014953613,0.0,2
09-30-2019 16:58:15,-0.57699585,-0.5632477,9.454102,-0.00074231625,0.00073719025,-0.004252434,0.0,2
09-30-2019 16:58:15,-0.58299255,-0.5638428,9.447525,-0.0010858774,-0.0026349425,-0.0028562546,0.0,2
09-30-2019 16:58:15,-0.5787964,-0.56025696,9.44632,-0.002937436,0.0006698966,-0.0022993088,0.0,2
09-30-2019 16:58:15,-0.57940674,-0.56443787,9.446335,-0.0014307499,-0.00018745661,-0.0014925003,0.0,2
09-30-2019 16:58:15,-0.58239746,-0.56144714,9.4457245,-0.0019690394,0.0010347962,0.0010080338,0.0,2
09-30-2019 16:58:15,-0.5817871,-0.5632324,9.4457245,0.0016652942,0.0002580285,0.0010633469,0.0,2
09-30-2019 16:58:15,-0.5865936,-0.56204224,9.453506,0.00016450882,0.0040305257,-0.0013017654,0.0,2
09-30-2019 16:58:15,-0.58299255,-0.56204224,9.448715,-0.001044333,-0.0009780526,-0.002070427,0.0,2
09-30-2019 16:58:15,-0.5782013,-0.5626373,9.449326,0.00022685528,-0.0035308003,-0.0041513443,0.0,2
09-30-2019 16:58:15,-0.57940674,-0.5566559,9.446335,-0.0027039647,0.005437672,0.008387566,0.0,2
09-30-2019 16:58:15,-0.581192,-0.56204224,9.444534,-0.00034600496,-0.00039589405,-0.0011949539,0.0,2
09-30-2019 16:58:15,-0.5787964,-0.5578613,9.4457245,0.001393199,-0.0010640025,-0.0015993118,0.0,2
09-30-2019 16:58:15,-0.58000183,-0.5668335,9.440338,0.0013878942,-0.0004235506,0.00050354004,0.0,2
09-30-2019 16:58:15,-0.5847931,-0.55426025,9.457092,-0.0054140687,0.0024953485,-0.0020284653,0.0,2
09-30-2019 16:58:15,-0.5817871,-0.56085205,9.44693,-0.0006543398,0.003326714,0.0022277832,0.0,2
09-30-2019 16:58:15,-0.5787964,-0.5626373,9.4457245,0.0033663511,-9.596348e-05,-0.00046634674,0.0,2
09-30-2019 16:58:15,-0.5847931,-0.5608368,9.454712,0.0019757152,0.00024312735,-0.0035028458,0.0,2
09-30-2019 16:58:15,-0.5776062,-0.56204224,9.44812,-0.00016635656,-0.00044494867,0.004467964,0.0,2
09-30-2019 16:58:15,-0.5877838,-0.55784607,9.444534,-0.0012373328,0.0029889941,-0.00022983551,0.0,2
09-30-2019 16:58:15,-0.58299255,-0.55545044,9.449921,-0.0013555288,-0.0017074943,-0.001739502,0.0,2
09-30-2019 16:58:15,-0.5776062,-0.5596466,9.44693,-0.0056884885,0.002020657,0.0012378693,0.0,2
09-30-2019 16:58:15,-0.5740204,-0.5638275,9.451111,0.0010504723,-0.0033313036,-0.0027418137,0.0,2
09-30-2019 16:58:15,-0.5776062,-0.5596466,9.442139,-0.0004477501,0.0020727515,-0.002623558,0.0,2
09-30-2019 16:58:15,-0.58000183,-0.56085205,9.452316,0.00014710426,0.0014976263,0.0010824203,0.0,2
09-30-2019 16:58:15,-0.5817871,-0.55545044,9.447525,-0.0017706752,-0.00023919344,0.0023012161,0.0,2
09-30-2019 16:58:15,-0.58299255,-0.56085205,9.445129,0.0003629923,-0.003851235,-9.727478e-05,0.0,2
09-30-2019 16:58:15,-0.5847931,-0.5626373,9.438538,0.0037372112,-0.00033181906,0.00031661987,0.0,2
09-30-2019 16:58:15,-0.5895691,-0.5566559,9.44873,-0.0014824271,0.0042462945,0.0017900467,0.0,2
09-30-2019 16:58:15,-0.58299255,-0.5638275,9.443329,0.00025641918,-0.0013455749,0.0007314682,0.0,2
09-30-2019 16:58:15,-0.5847931,-0.557251,9.442139,-0.00031280518,-2.6285648e-05,0.00095653534,0.0,2
09-30-2019 16:58:15,-0.5847931,-0.557251,9.446335,-0.0010857582,-0.00066041946,-0.00012683868,0.0,2
09-30-2019 16:58:15,-0.58239746,-0.56025696,9.442734,0.0020567775,-0.0031031966,-0.004040718,0.0,2
09-30-2019 16:58:15,-0.5877838,-0.5584564,9.44873,0.0020529628,-0.0019455552,-0.0027170181,0.0,2
09-30-2019 16:58:15,-0.5847931,-0.5638275,9.446335,-0.0005636811,-0.0012616515,0.0041770935,0.0,2
09-30-2019 16:58:15,-0.57940674,-0.5602417,9.44693,-0.003639698,-0.0041288733,0.0019330978,0.0,2
09-30-2019 16:58:15,-0.5853882,-0.5530548,9.449326,-0.0005143881,0.0018108487,-0.0026922226,0.0,2
09-30-2019 16:58:15,-0.5817871,-0.55545044,9.450516,0.003636539,0.001313746,-0.0006227493,0.0,2
09-30-2019 16:58:15,-0.58358765,-0.5578613,9.448715,0.0024178028,4.9710274e-05,-0.0019893646,0.0,2
09-30-2019 16:58:15,-0.5853882,-0.557251,9.44931,0.00052183867,0.002159536,-0.0024871826,0.0,2
09-30-2019 16:58:15,-0.5871887,-0.5584564,9.44812,0.0028055906,-0.0007265806,0.004327774,0.0,2
09-30-2019 16:58:15,-0.58358765,-0.5626373,9.442139,-0.0015475154,0.0006786585,0.004467964,0.0,2
09-30-2019 16:58:15,-0.58358765,-0.56204224,9.449921,0.0015321374,-0.002460897,-0.0025777817,0.0,2
09-30-2019 16:58:15,-0.58239746,-0.56204224,9.442139,0.004303932,3.552437e-05,0.0022306442,0.0,2
09-30-2019 16:58:15,-0.5859833,-0.56144714,9.451111,-0.0004031062,-0.0005363822,0.0011005402,0.0,2
09-30-2019 16:58:15,-0.59017944,-0.56562805,9.449921,-0.0011004806,-0.000957191,0.0023317337,0.0,2
09-30-2019 16:58:15,-0.5877838,-0.5584564,9.443939,-0.0029364228,-0.005190611,0.0015668869,0.0,2
09-30-2019 16:58:15,-0.58358765,-0.5590515,9.451111,9.649992e-05,-0.0051662326,0.00062179565,0.0,2
09-30-2019 16:58:15,-0.5817871,-0.5578613,9.4457245,-2.7477741e-05,-1.2934208e-05,-0.0007753372,0.0,2
09-30-2019 16:58:15,-0.58239746,-0.5590515,9.443329,0.0015689731,0.0012993217,0.0014572144,0.0,2
09-30-2019 16:58:15,-0.5847931,-0.5560608,9.441528,0.0028980374,0.0014915466,0.0053720474,0.0,2
09-30-2019 16:58:15,-0.5817871,-0.5584564,9.450516,-0.00067842007,-0.002075076,0.0015468597,0.0,2
09-30-2019 16:58:15,-0.57940674,-0.5632324,9.444534,-0.001722157,-0.00043267012,0.004986763,0.0,2
09-30-2019 16:58:15,-0.5871887,-0.5560608,9.452911,-0.00025880337,-0.0044772625,0.006884575,0.0,2
09-30-2019 16:58:16,-0.58251953,-0.55856323,9.4614105,0.00021356344,-0.001835227,-0.00046920776,0.0,3
09-30-2019 16:58:16,-0.5832367,-0.5601196,9.466797,0.0011557937,-0.0028277636,0.006052971,0.0,3
09-30-2019 16:58:16,-0.5815582,-0.5626373,9.471344,1.8537045e-05,-0.0021959543,0.00095558167,0.0,3
09-30-2019 16:58:16,-0.58143616,-0.5543823,9.476486,0.002009213,0.002809465,0.0035820007,0.0,3
09-30-2019 16:58:16,-0.5790405,-0.5547333,9.45195,0.0024685264,0.0026789904,-0.004248619,0.0,3
09-30-2019 16:58:16,-0.57928467,-0.5566559,9.458771,0.0010120273,-0.0013584495,-0.002910614,0.0,3
09-30-2019 16:58:16,-0.5859833,-0.5590515,9.4301605,0.00061768293,-0.0012369752,-0.0019636154,0.0,3
09-30-2019 16:58:16,-0.5865936,-0.5638428,9.452316,0,0,0,0.0,3
09-30-2019 16:58:16,-0.584198,-0.5626373,9.452911,-0.0007375479,-0.0022542477,0.011058807,0.0,3
09-30-2019 16:58:16,-0.58239746,-0.56204224,9.454712,0.0013079047,-0.00036084652,0.0078020096,0.0,3
09-30-2019 16:58:16,-0.5805969,-0.5566559,9.450516,0.0041393638,0.004040718,0.0036754608,0.0,3
09-30-2019 16:58:16,-0.58418274,-0.557251,9.44812,9.161234e-05,0.0023032427,0.0008363724,0.0,3
09-30-2019 16:58:16,-0.58239746,-0.5590515,9.450516,0.0010396838,0.00035327673,0.0021429062,0.0,3
09-30-2019 16:58:16,-0.58000183,-0.5632477,9.454712,0.0018513799,-0.0027244687,0.0041894913,0.0,3
09-30-2019 16:58:16,-0.58358765,-0.5596466,9.44693,-0.0016279817,-0.001054883,0.0012130737,0.0,3
09-30-2019 16:58:16,-0.584198,-0.5626373,9.452316,0.0059669614,0.0014869571,0.00078868866,0.0,3
09-30-2019 16:58:16,-0.5734253,-0.5590515,9.452316,-0.0024200082,-0.0019317269,0.0004930496,0.0,3
09-30-2019 16:58:16,-0.58239746,-0.5632477,9.452316,0.0018002391,-0.00148803,0.0014953613,0.0,3
09-30-2019 16:58:16,-0.57699585,-0.5632477,9.454102,-0.00074231625,0.00073719025,-0.004252434,0.0,3
09-30-2019 16:58:16,-0.58299255,-0.5638428,9.447525,-0.0010858774,-0.0026349425,-0.0028562546,0.0,3
09-30-2019 16:58:16,-0.5787964,-0.56025696,9.44632,-0.002937436,0.0006698966,-0.0022993088,0.0,3
09-30-2019 16:58:16,-0.57940674,-0.56443787,9.446335,-0.0014307499,-0.00018745661,-0.0014925003,0.0,3
09-30-2019 16:58:16,-0.58239746,-0.56144714,9.4457245,-0.0019690394,0.0010347962,0.0010080338,0.0,3
09-30-2019 16:58:16,-0.5817871,-0.5632324,9.4457245,0.0016652942,0.0002580285,0.0010633469,0.0,3
09-30-2019 16:58:16,-0.5865936,-0.56204224,9.453506,0.00016450882,0.0040305257,-0.0013017654,0.0,3
09-30-2019 16:58:16,-0.58299255,-0.56204224,9.448715,-0.001044333,-0.0009780526,-0.002070427,0.0,3
09-30-2019 16:58:16,-0.5782013,-0.5626373,9.449326,0.00022685528,-0.0035308003,-0.0041513443,0.0,3
09-30-2019 16:58:16,-0.57940674,-0.5566559,9.446335,-0.0027039647,0.005437672,0.008387566,0.0,3
09-30-2019 16:58:16,-0.581192,-0.56204224,9.444534,-0.00034600496,-0.00039589405,-0.0011949539,0.0,3
09-30-2019 16:58:16,-0.5787964,-0.5578613,9.4457245,0.001393199,-0.0010640025,-0.0015993118,0.0,3
09-30-2019 16:58:16,-0.58000183,-0.5668335,9.440338,0.0013878942,-0.0004235506,0.00050354004,0.0,3
09-30-2019 16:58:16,-0.5847931,-0.55426025,9.457092,-0.0054140687,0.0024953485,-0.0020284653,0.0,3
09-30-2019 16:58:16,-0.5817871,-0.56085205,9.44693,-0.0006543398,0.003326714,0.0022277832,0.0,3
09-30-2019 16:58:16,-0.5787964,-0.5626373,9.4457245,0.0033663511,-9.596348e-05,-0.00046634674,0.0,3
09-30-2019 16:58:16,-0.5847931,-0.5608368,9.454712,0.0019757152,0.00024312735,-0.0035028458,0.0,3
09-30-2019 16:58:16,-0.5776062,-0.56204224,9.44812,-0.00016635656,-0.00044494867,0.004467964,0.0,3
09-30-2019 16:58:16,-0.5877838,-0.55784607,9.444534,-0.0012373328,0.0029889941,-0.00022983551,0.0,3
09-30-2019 16:58:16,-0.58299255,-0.55545044,9.449921,-0.0013555288,-0.0017074943,-0.001739502,0.0,3
09-30-2019 16:58:16,-0.5776062,-0.5596466,9.44693,-0.0056884885,0.002020657,0.0012378693,0.0,3
09-30-2019 16:58:16,-0.5740204,-0.5638275,9.451111,0.0010504723,-0.0033313036,-0.0027418137,0.0,3
09-30-2019 16:58:16,-0.5776062,-0.5596466,9.442139,-0.0004477501,0.0020727515,-0.002623558,0.0,3
09-30-2019 16:58:16,-0.58000183,-0.56085205,9.452316,0.00014710426,0.0014976263,0.0010824203,0.0,3
09-30-2019 16:58:16,-0.5817871,-0.55545044,9.447525,-0.0017706752,-0.00023919344,0.0023012161,0.0,3
09-30-2019 16:58:16,-0.58299255,-0.56085205,9.445129,0.0003629923,-0.003851235,-9.727478e-05,0.0,3
09-30-2019 16:58:16,-0.5847931,-0.5626373,9.438538,0.0037372112,-0.00033181906,0.00031661987,0.0,3
09-30-2019 16:58:16,-0.5895691,-0.5566559,9.44873,-0.0014824271,0.0042462945,0.0017900467,0.0,3
09-30-2019 16:58:16,-0.58299255,-0.5638275,9.443329,0.00025641918,-0.0013455749,0.0007314682,0.0,3
09-30-2019 16:58:16,-0.5847931,-0.557251,9.442139,-0.00031280518,-2.6285648e-05,0.00095653534,0.0,3
09-30-2019 16:58:16,-0.5847931,-0.557251,9.446335,-0.0010857582,-0.00066041946,-0.00012683868,0.0,3
09-30-2019 16:58:16,-0.58239746,-0.56025696,9.442734,0.0020567775,-0.0031031966,-0.004040718,0.0,3
09-30-2019 16:58:16,-0.5877838,-0.5584564,9.44873,0.0020529628,-0.0019455552,-0.0027170181,0.0,3
09-30-2019 16:58:16,-0.5847931,-0.5638275,9.446335,-0.0005636811,-0.0012616515,0.0041770935,0.0,3
09-30-2019 16:58:16,-0.57940674,-0.5602417,9.44693,-0.003639698,-0.0041288733,0.0019330978,0.0,3
09-30-2019 16:58:16,-0.5853882,-0.5530548,9.449326,-0.0005143881,0.0018108487,-0.0026922226,0.0,3
09-30-2019 16:58:16,-0.5817871,-0.55545044,9.450516,0.003636539,0.001313746,-0.0006227493,0.0,3
09-30-2019 16:58:16,-0.58358765,-0.5578613,9.448715,0.0024178028,4.9710274e-05,-0.0019893646,0.0,3
09-30-2019 16:58:17,-0.58251953,-0.55856323,9.4614105,0.00021356344,-0.001835227,-0.00046920776,0.0,3
09-30-2019 16:58:17,-0.5832367,-0.5601196,9.466797,0.0011557937,-0.0028277636,0.006052971,0.0,3
09-30-2019 16:58:17,-0.5815582,-0.5626373,9.471344,1.8537045e-05,-0.0021959543,0.00095558167,0.0,3
09-30-2019 16:58:17,-0.58143616,-0.5543823,9.476486,0.002009213,0.002809465,0.0035820007,0.0,3
09-30-2019 16:58:17,-0.5790405,-0.5547333,9.45195,0.0024685264,0.0026789904,-0.004248619,0.0,3
09-30-2019 16:58:17,-0.57928467,-0.5566559,9.458771,0.0010120273,-0.0013584495,-0.002910614,0.0,3
09-30-2019 16:58:17,-0.5859833,-0.5590515,9.4301605,0.00061768293,-0.0012369752,-0.0019636154,0.0,3
09-30-2019 16:58:17,-0.5865936,-0.5638428,9.452316,0,0,0,0.0,3
09-30-2019 16:58:17,-0.584198,-0.5626373,9.452911,-0.0007375479,-0.0022542477,0.011058807,0.0,3
09-30-2019 16:58:17,-0.58239746,-0.56204224,9.454712,0.0013079047,-0.00036084652,0.0078020096,0.0,3
09-30-2019 16:58:17,-0.5805969,-0.5566559,9.450516,0.0041393638,0.004040718,0.0036754608,0.0,3
09-30-2019 16:58:17,-0.58418274,-0.557251,9.44812,9.161234e-05,0.0023032427,0.0008363724,0.0,3
09-30-2019 16:58:17,-0.58239746,-0.5590515,9.450516,0.0010396838,0.00035327673,0.0021429062,0.0,3
09-30-2019 16:58:17,-0.58000183,-0.5632477,9.454712,0.0018513799,-0.0027244687,0.0041894913,0.0,3
09-30-2019 16:58:17,-0.58358765,-0.5596466,9.44693,-0.0016279817,-0.001054883,0.0012130737,0.0,3
09-30-2019 16:58:17,-0.584198,-0.5626373,9.452316,0.0059669614,0.0014869571,0.00078868866,0.0,3
09-30-2019 16:58:17,-0.5734253,-0.5590515,9.452316,-0.0024200082,-0.0019317269,0.0004930496,0.0,3
09-30-2019 16:58:17,-0.58239746,-0.5632477,9.452316,0.0018002391,-0.00148803,0.0014953613,0.0,3
09-30-2019 16:58:17,-0.57699585,-0.5632477,9.454102,-0.00074231625,0.00073719025,-0.004252434,0.0,3
09-30-2019 16:58:17,-0.58299255,-0.5638428,9.447525,-0.0010858774,-0.0026349425,-0.0028562546,0.0,3
09-30-2019 16:58:17,-0.5787964,-0.56025696,9.44632,-0.002937436,0.0006698966,-0.0022993088,0.0,3
09-30-2019 16:58:17,-0.57940674,-0.56443787,9.446335,-0.0014307499,-0.00018745661,-0.0014925003,0.0,3
09-30-2019 16:58:17,-0.58239746,-0.56144714,9.4457245,-0.0019690394,0.0010347962,0.0010080338,0.0,3
09-30-2019 16:58:17,-0.5817871,-0.5632324,9.4457245,0.0016652942,0.0002580285,0.0010633469,0.0,3
09-30-2019 16:58:17,-0.5865936,-0.56204224,9.453506,0.00016450882,0.0040305257,-0.0013017654,0.0,3
09-30-2019 16:58:17,-0.58299255,-0.56204224,9.448715,-0.001044333,-0.0009780526,-0.002070427,0.0,3
09-30-2019 16:58:17,-0.5782013,-0.5626373,9.449326,0.00022685528,-0.0035308003,-0.0041513443,0.0,3
09-30-2019 16:58:17,-0.57940674,-0.5566559,9.446335,-0.0027039647,0.005437672,0.008387566,0.0,3
09-30-2019 16:58:17,-0.581192,-0.56204224,9.444534,-0.00034600496,-0.00039589405,-0.0011949539,0.0,3
09-30-2019 16:58:17,-0.5787964,-0.5578613,9.4457245,0.001393199,-0.0010640025,-0.0015993118,0.0,3
09-30-2019 16:58:17,-0.58000183,-0.5668335,9.440338,0.0013878942,-0.0004235506,0.00050354004,0.0,3
09-30-2019 16:58:17,-0.5847931,-0.55426025,9.457092,-0.0054140687,0.0024953485,-0.0020284653,0.0,3
09-30-2019 16:58:17,-0.5817871,-0.56085205,9.44693,-0.0006543398,0.003326714,0.0022277832,0.0,3
09-30-2019 16:58:17,-0.5787964,-0.5626373,9.4457245,0.0033663511,-9.596348e-05,-0.00046634674,0.0,3
09-30-2019 16:58:17,-0.5847931,-0.5608368,9.454712,0.0019757152,0.00024312735,-0.0035028458,0.0,3
09-30-2019 16:58:17,-0.5776062,-0.56204224,9.44812,-0.00016635656,-0.00044494867,0.004467964,0.0,3
09-30-2019 16:58:17,-0.5877838,-0.55784607,9.444534,-0.0012373328,0.0029889941,-0.00022983551,0.0,3
09-30-2019 16:58:17,-0.58299255,-0.55545044,9.449921,-0.0013555288,-0.0017074943,-0.001739502,0.0,3
09-30-2019 16:58:17,-0.5776062,-0.5596466,9.44693,-0.0056884885,0.002020657,0.0012378693,0.0,3
09-30-2019 16:58:17,-0.5740204,-0.5638275,9.451111,0.0010504723,-0.0033313036,-0.0027418137,0.0,3
09-30-2019 16:58:17,-0.5776062,-0.5596466,9.442139,-0.0004477501,0.0020727515,-0.002623558,0.0,3
09-30-2019 16:58:17,-0.58000183,-0.56085205,9.452316,0.00014710426,0.0014976263,0.0010824203,0.0,3
09-30-2019 16:58:17,-0.5817871,-0.55545044,9.447525,-0.0017706752,-0.00023919344,0.0023012161,0.0,3
09-30-2019 16:58:17,-0.58299255,-0.56085205,9.445129,0.0003629923,-0.003851235,-9.727478e-05,0.0,3
09-30-2019 16:58:17,-0.5847931,-0.5626373,9.438538,0.0037372112,-0.00033181906,0.00031661987,0.0,3
09-30-2019 16:58:17,-0.5895691,-0.5566559,9.44873,-0.0014824271,0.0042462945,0.0017900467,0.0,3
09-30-2019 16:58:17,-0.58299255,-0.5638275,9.443329,0.00025641918,-0.0013455749,0.0007314682,0.0,3
09-30-2019 16:58:17,-0.5847931,-0.557251,9.442139,-0.00031280518,-2.6285648e-05,0.00095653534,0.0,3
09-30-2019 16:58:17,-0.5847931,-0.557251,9.446335,-0.0010857582,-0.00066041946,-0.00012683868,0.0,3
09-30-2019 16:58:17,-0.58239746,-0.56025696,9.442734,0.0020567775,-0.0031031966,-0.004040718,0.0,3
09-30-2019 16:58:17,-0.5877838,-0.5584564,9.44873,0.0020529628,-0.0019455552,-0.0027170181,0.0,3
09-30-2019 16:58:17,-0.5847931,-0.5638275,9.446335,-0.0005636811,-0.0012616515,0.0041770935,0.0,3
09-30-2019 16:58:17,-0.57940674,-0.5602417,9.44693,-0.003639698,-0.0041288733,0.0019330978,0.0,3
09-30-2019 16:58:17,-0.5853882,-0.5530548,9.449326,-0.0005143881,0.0018108487,-0.0026922226,0.0,3
09-30-2019 16:58:17,-0.5817871,-0.55545044,9.450516,0.003636539,0.001313746,-0.0006227493,0.0,3
09-30-2019 16:58:17,-0.58358765,-0.5578613,9.448715,0.0024178028,4.9710274e-05,-0.0019893646,0.0,3
09-30-2019 16:58:17,-0.5853882,-0.557251,9.44931,0.00052183867,0.002159536,-0.0024871826,0.0,3
09-30-2019 16:58:17,-0.5871887,-0.5584564,9.44812,0.0028055906,-0.0007265806,0.004327774,0.0,3
09-30-2019 16:58:17,-0.58358765,-0.5626373,9.442139,-0.0015475154,0.0006786585,0.004467964,0.0,3
09-30-2019 16:58:17,-0.58358765,-0.56204224,9.449921,0.0015321374,-0.002460897,-0.0025777817,0.0,3
09-30-2019 16:58:17,-0.58239746,-0.56204224,9.442139,0.004303932,3.552437e-05,0.0022306442,0.0,3
09-30-2019 16:58:17,-0.5859833,-0.56144714,9.451111,-0.0004031062,-0.0005363822,0.0011005402,0.0,3
09-30-2019 16:58:17,-0.59017944,-0.56562805,9.449921,-0.0011004806,-0.000957191,0.0023317337,0.0,3
09-30-2019 16:58:17,-0.5877838,-0.5584564,9.443939,-0.0029364228,-0.005190611,0.0015668869,0.0,3
09-30-2019 16:58:17,-0.58358765,-0.5590515,9.451111,9.649992e-05,-0.0051662326,0.00062179565,0.0,3
09-30-2019 16:58:17,-0.5817871,-0.5578613,9.4457245,-2.7477741e-05,-1.2934208e-05,-0.0007753372,0.0,3
09-30-2019 16:58:17,-0.58239746,-0.5590515,9.443329,0.0015689731,0.0012993217,0.0014572144,0.0,3
09-30-2019 16:58:17,-0.5847931,-0.5560608,9.441528,0.0028980374,0.0014915466,0.0053720474,0.0,3
09-30-2019 16:58:17,-0.5817871,-0.5584564,9.450516,-0.00067842007,-0.002075076,0.0015468597,0.0,3
09-30-2019 16:58:17,-0.57940674,-0.5632324,9.444534,-0.001722157,-0.00043267012,0.004986763,0.0,3
09-30-2019 16:58:17,-0.5871887,-0.5560608,9.452911,-0.00025880337,-0.0044772625,0.006884575,0.0,3
09-30-2019 16:58:17,-0.58418274,-0.56025696,9.444534,0.00020581484,-0.0022788644,-0.0010490417,0.0,3
09-30-2019 16:58:17,-0.5787964,-0.557251,9.450516,-0.0020025373,-0.0015472174,0.006064415,0.0,3
09-30-2019 16:58:17,-0.58418274,-0.55784607,9.449921,-0.003420949,0.0028939247,0.007994652,0.0,3
09-30-2019 16:58:17,-0.5805969,-0.56025696,9.44931,-0.00059729815,-0.001460731,0.005381584,0.0,3
09-30-2019 16:58:17,-0.5859833,-0.5584564,9.452301,-0.0055158734,0.006889403,-0.0031995773,0.0,3
09-30-2019 16:58:17,-0.5895691,-0.56503296,9.452316,-0.0013778806,-0.008634925,0.01064682,0.0,3
09-30-2019 16:58:17,-0.58657837,-0.5668335,9.451721,-0.0008748174,0.0043408275,-0.0008678436,0.0,3
09-30-2019 16:58:17,-0.5871887,-0.56144714,9.449921,0.001003921,-0.010755479,0.006213188,0.0,3
09-30-2019 16:58:17,-0.58000183,-0.56204224,9.454712,-0.0029244423,0.009693921,-0.0038280487,0.0,3
09-30-2019 16:58:17,-0.58418274,-0.5596466,9.452911,0.0005556941,0.002524674,-0.004163742,0.0,3
09-30-2019 16:58:17,-0.58180237,-0.5584564,9.459503,-0.0031542182,0.0020217896,-0.0027999878,0.0,3
09-30-2019 16:58:17,-0.5853882,-0.5626373,9.456497,-0.001791954,0.0033327937,-0.0058374405,0.0,3
09-30-2019 16:58:17,-0.58717346,-0.56025696,9.462494,-0.0008696914,0.0027094483,-0.008682251,0.0,3
09-30-2019 16:58:17,-0.5877838,-0.5632477,9.465485,-0.00025480986,0.003639996,-0.00415802,0.0,3
09-30-2019 16:58:17,-0.5853882,-0.5662384,9.46788,-0.0040298104,-0.0018053055,-0.007124901,0.0,3
09-30-2019 16:58:19,-0.58251953,-0.55856323,9.4614105,0.00021356344,-0.001835227,-0.00046920776,0.0,3
09-30-2019 16:58:19,-0.5832367,-0.5601196,9.466797,0.0011557937,-0.0028277636,0.006052971,0.0,3
09-30-2019 16:58:19,-0.5815582,-0.5626373,9.471344,1.8537045e-05,-0.0021959543,0.00095558167,0.0,3
09-30-2019 16:58:19,-0.58143616,-0.5543823,9.476486,0.002009213,0.002809465,0.0035820007,0.0,3
09-30-2019 16:58:19,-0.5790405,-0.5547333,9.45195,0.0024685264,0.0026789904,-0.004248619,0.0,3
09-30-2019 16:58:19,-0.57928467,-0.5566559,9.458771,0.0010120273,-0.0013584495,-0.002910614,0.0,3
09-30-2019 16:58:19,-0.5859833,-0.5590515,9.4301605,0.00061768293,-0.0012369752,-0.0019636154,0.0,3
09-30-2019 16:58:19,-0.5865936,-0.5638428,9.452316,0,0,0,0.0,3
09-30-2019 16:58:19,-0.584198,-0.5626373,9.452911,-0.0007375479,-0.0022542477,0.011058807,0.0,3
09-30-2019 16:58:19,-0.58239746,-0.56204224,9.454712,0.0013079047,-0.00036084652,0.0078020096,0.0,3
09-30-2019 16:58:19,-0.5805969,-0.5566559,9.450516,0.0041393638,0.004040718,0.0036754608,0.0,3
09-30-2019 16:58:19,-0.58418274,-0.557251,9.44812,9.161234e-05,0.0023032427,0.0008363724,0.0,3
09-30-2019 16:58:19,-0.58239746,-0.5590515,9.450516,0.0010396838,0.00035327673,0.0021429062,0.0,3
09-30-2019 16:58:19,-0.58000183,-0.5632477,9.454712,0.0018513799,-0.0027244687,0.0041894913,0.0,3
09-30-2019 16:58:19,-0.58358765,-0.5596466,9.44693,-0.0016279817,-0.001054883,0.0012130737,0.0,3
09-30-2019 16:58:19,-0.584198,-0.5626373,9.452316,0.0059669614,0.0014869571,0.00078868866,0.0,3
09-30-2019 16:58:19,-0.5734253,-0.5590515,9.452316,-0.0024200082,-0.0019317269,0.0004930496,0.0,3
09-30-2019 16:58:19,-0.58239746,-0.5632477,9.452316,0.0018002391,-0.00148803,0.0014953613,0.0,3
09-30-2019 16:58:19,-0.57699585,-0.5632477,9.454102,-0.00074231625,0.00073719025,-0.004252434,0.0,3
09-30-2019 16:58:19,-0.58299255,-0.5638428,9.447525,-0.0010858774,-0.0026349425,-0.0028562546,0.0,3
09-30-2019 16:58:19,-0.5787964,-0.56025696,9.44632,-0.002937436,0.0006698966,-0.0022993088,0.0,3
09-30-2019 16:58:19,-0.57940674,-0.56443787,9.446335,-0.0014307499,-0.00018745661,-0.0014925003,0.0,3
09-30-2019 16:58:19,-0.58239746,-0.56144714,9.4457245,-0.0019690394,0.0010347962,0.0010080338,0.0,3
09-30-2019 16:58:19,-0.5817871,-0.5632324,9.4457245,0.0016652942,0.0002580285,0.0010633469,0.0,3
09-30-2019 16:58:19,-0.5865936,-0.56204224,9.453506,0.00016450882,0.0040305257,-0.0013017654,0.0,3
09-30-2019 16:58:19,-0.58299255,-0.56204224,9.448715,-0.001044333,-0.0009780526,-0.002070427,0.0,3
09-30-2019 16:58:19,-0.5782013,-0.5626373,9.449326,0.00022685528,-0.0035308003,-0.0041513443,0.0,3
09-30-2019 16:58:19,-0.57940674,-0.5566559,9.446335,-0.0027039647,0.005437672,0.008387566,0.0,3
09-30-2019 16:58:19,-0.581192,-0.56204224,9.444534,-0.00034600496,-0.00039589405,-0.0011949539,0.0,3
09-30-2019 16:58:19,-0.5787964,-0.5578613,9.4457245,0.001393199,-0.0010640025,-0.0015993118,0.0,3
09-30-2019 16:58:19,-0.58000183,-0.5668335,9.440338,0.0013878942,-0.0004235506,0.00050354004,0.0,3
09-30-2019 16:58:19,-0.5847931,-0.55426025,9.457092,-0.0054140687,0.0024953485,-0.0020284653,0.0,3
09-30-2019 16:58:19,-0.5817871,-0.56085205,9.44693,-0.0006543398,0.003326714,0.0022277832,0.0,3
09-30-2019 16:58:19,-0.5787964,-0.5626373,9.4457245,0.0033663511,-9.596348e-05,-0.00046634674,0.0,3
09-30-2019 16:58:19,-0.5847931,-0.5608368,9.454712,0.0019757152,0.00024312735,-0.0035028458,0.0,3
09-30-2019 16:58:19,-0.5776062,-0.56204224,9.44812,-0.00016635656,-0.00044494867,0.004467964,0.0,3
09-30-2019 16:58:19,-0.5877838,-0.55784607,9.444534,-0.0012373328,0.0029889941,-0.00022983551,0.0,3
09-30-2019 16:58:19,-0.58299255,-0.55545044,9.449921,-0.0013555288,-0.0017074943,-0.001739502,0.0,3
09-30-2019 16:58:19,-0.5776062,-0.5596466,9.44693,-0.0056884885,0.002020657,0.0012378693,0.0,3
09-30-2019 16:58:19,-0.5740204,-0.5638275,9.451111,0.0010504723,-0.0033313036,-0.0027418137,0.0,3
09-30-2019 16:58:19,-0.5776062,-0.5596466,9.442139,-0.0004477501,0.0020727515,-0.002623558,0.0,3
09-30-2019 16:58:19,-0.58000183,-0.56085205,9.452316,0.00014710426,0.0014976263,0.0010824203,0.0,3
09-30-2019 16:58:19,-0.5817871,-0.55545044,9.447525,-0.0017706752,-0.00023919344,0.0023012161,0.0,3
09-30-2019 16:58:19,-0.58299255,-0.56085205,9.445129,0.0003629923,-0.003851235,-9.727478e-05,0.0,3
09-30-2019 16:58:19,-0.5847931,-0.5626373,9.438538,0.0037372112,-0.00033181906,0.00031661987,0.0,3
09-30-2019 16:58:19,-0.5895691,-0.5566559,9.44873,-0.0014824271,0.0042462945,0.0017900467,0.0,3
09-30-2019 16:58:19,-0.58299255,-0.5638275,9.443329,0.00025641918,-0.0013455749,0.0007314682,0.0,3
09-30-2019 16:58:19,-0.5847931,-0.557251,9.442139,-0.00031280518,-2.6285648e-05,0.00095653534,0.0,3
09-30-2019 16:58:19,-0.5847931,-0.557251,9.446335,-0.0010857582,-0.00066041946,-0.00012683868,0.0,3
09-30-2019 16:58:19,-0.58239746,-0.56025696,9.442734,0.0020567775,-0.0031031966,-0.004040718,0.0,3
09-30-2019 16:58:19,-0.5877838,-0.5584564,9.44873,0.0020529628,-0.0019455552,-0.0027170181,0.0,3
09-30-2019 16:58:19,-0.5847931,-0.5638275,9.446335,-0.0005636811,-0.0012616515,0.0041770935,0.0,3
09-30-2019 16:58:19,-0.57940674,-0.5602417,9.44693,-0.003639698,-0.0041288733,0.0019330978,0.0,3
09-30-2019 16:58:19,-0.5853882,-0.5530548,9.449326,-0.0005143881,0.0018108487,-0.0026922226,0.0,3
09-30-2019 16:58:19,-0.5817871,-0.55545044,9.450516,0.003636539,0.001313746,-0.0006227493,0.0,3
09-30-2019 16:58:19,-0.58358765,-0.5578613,9.448715,0.0024178028,4.9710274e-05,-0.0019893646,0.0,3
09-30-2019 16:58:19,-0.5853882,-0.557251,9.44931,0.00052183867,0.002159536,-0.0024871826,0.0,3
09-30-2019 16:58:19,-0.5871887,-0.5584564,9.44812,0.0028055906,-0.0007265806,0.004327774,0.0,3
09-30-2019 16:58:19,-0.58358765,-0.5626373,9.442139,-0.0015475154,0.0006786585,0.004467964,0.0,3
09-30-2019 16:58:19,-0.58358765,-0.56204224,9.449921,0.0015321374,-0.002460897,-0.0025777817,0.0,3
09-30-2019 16:58:19,-0.58239746,-0.56204224,9.442139,0.004303932,3.552437e-05,0.0022306442,0.0,3
09-30-2019 16:58:19,-0.5859833,-0.56144714,9.451111,-0.0004031062,-0.0005363822,0.0011005402,0.0,3
09-30-2019 16:58:19,-0.59017944,-0.56562805,9.449921,-0.0011004806,-0.000957191,0.0023317337,0.0,3
09-30-2019 16:58:19,-0.5877838,-0.5584564,9.443939,-0.0029364228,-0.005190611,0.0015668869,0.0,3
09-30-2019 16:58:19,-0.58358765,-0.5590515,9.451111,9.649992e-05,-0.0051662326,0.00062179565,0.0,3
09-30-2019 16:58:19,-0.5817871,-0.5578613,9.4457245,-2.7477741e-05,-1.2934208e-05,-0.0007753372,0.0,3
09-30-2019 16:58:19,-0.58239746,-0.5590515,9.443329,0.0015689731,0.0012993217,0.0014572144,0.0,3
09-30-2019 16:58:19,-0.5847931,-0.5560608,9.441528,0.0028980374,0.0014915466,0.0053720474,0.0,3
09-30-2019 16:58:19,-0.5817871,-0.5584564,9.450516,-0.00067842007,-0.002075076,0.0015468597,0.0,3
09-30-2019 16:58:19,-0.57940674,-0.5632324,9.444534,-0.001722157,-0.00043267012,0.004986763,0.0,3
09-30-2019 16:58:19,-0.5871887,-0.5560608,9.452911,-0.00025880337,-0.0044772625,0.006884575,0.0,3
09-30-2019 16:58:19,-0.58418274,-0.56025696,9.444534,0.00020581484,-0.0022788644,-0.0010490417,0.0,3
09-30-2019 16:58:19,-0.5787964,-0.557251,9.450516,-0.0020025373,-0.0015472174,0.006064415,0.0,3
09-30-2019 16:58:19,-0.58418274,-0.55784607,9.449921,-0.003420949,0.0028939247,0.007994652,0.0,3
09-30-2019 16:58:19,-0.5805969,-0.56025696,9.44931,-0.00059729815,-0.001460731,0.005381584,0.0,3
09-30-2019 16:58:19,-0.5859833,-0.5584564,9.452301,-0.0055158734,0.006889403,-0.0031995773,0.0,3
09-30-2019 16:58:19,-0.5895691,-0.56503296,9.452316,-0.0013778806,-0.008634925,0.01064682,0.0,3
09-30-2019 16:58:19,-0.58657837,-0.5668335,9.451721,-0.0008748174,0.0043408275,-0.0008678436,0.0,3
09-30-2019 16:58:19,-0.5871887,-0.56144714,9.449921,0.001003921,-0.010755479,0.006213188,0.0,3
09-30-2019 16:58:19,-0.58000183,-0.56204224,9.454712,-0.0029244423,0.009693921,-0.0038280487,0.0,3
09-30-2019 16:58:19,-0.58418274,-0.5596466,9.452911,0.0005556941,0.002524674,-0.004163742,0.0,3
09-30-2019 16:58:19,-0.58180237,-0.5584564,9.459503,-0.0031542182,0.0020217896,-0.0027999878,0.0,3
09-30-2019 16:58:19,-0.5853882,-0.5626373,9.456497,-0.001791954,0.0033327937,-0.0058374405,0.0,3
09-30-2019 16:58:19,-0.58717346,-0.56025696,9.462494,-0.0008696914,0.0027094483,-0.008682251,0.0,3
09-30-2019 16:58:19,-0.5877838,-0.5632477,9.465485,-0.00025480986,0.003639996,-0.00415802,0.0,3
09-30-2019 16:58:19,-0.5853882,-0.5662384,9.46788,-0.0040298104,-0.0018053055,-0.007124901,0.0,3
09-30-2019 16:58:19,-0.5847931,-0.5638428,9.459503,0.0013216138,0.0015541911,-0.0011377335,0.0,3
09-30-2019 16:58:19,-0.5877838,-0.5638428,9.469666,0.005766332,0.00083631277,-0.0011634827,0.0,3
09-30-2019 16:58:19,-0.58958435,-0.55844116,9.475647,-0.0030706525,-0.0007354021,0.00048160553,0.0,3
09-30-2019 16:58:19,-0.59077454,-0.5638428,9.464279,-0.0019232631,0.005271256,-0.002064705,0.0,3
09-30-2019 16:58:19,-0.5871887,-0.56443787,9.475662,-0.00055235624,0.00015091896,-0.0017404556,0.0,3
09-30-2019 16:58:19,-0.5949707,-0.552475,9.465485,-0.0033484101,0.00055497885,-0.0039834976,0.0,3
09-30-2019 16:58:19,-0.5913696,-0.57281494,9.484634,-1.1444092e-05,0.0043249726,-0.0022230148,0.0,3
09-30-2019 16:58:19,-0.59077454,-0.5584564,9.4726715,-0.0050042868,0.0007273555,-0.0022993088,0.0,3
09-30-2019 16:58:19,-0.59436035,-0.55126953,9.465485,-0.0011931062,-0.0008944869,-0.00032043457,0.0,3
09-30-2019 16:58:19,-0.585495,-0.5559387,9.456375,0,0,0,0.0,3
09-30-2019 16:58:19,-0.58251953,-0.55856323,9.4614105,0.00021356344,-0.001835227,-0.00046920776,0.0,3
09-30-2019 16:58:19,-0.5832367,-0.5601196,9.466797,0.0011557937,-0.0028277636,0.006052971,0.0,3
09-30-2019 16:58:19,-0.5815582,-0.5626373,9.471344,1.8537045e-05,-0.0021959543,0.00095558167,0.0,3
09-30-2019 16:58:19,-0.58143616,-0.5543823,9.476486,0.002009213,0.002809465,0.0035820007,0.0,3
09-30-2019 16:58:19,-0.5790405,-0.5547333,9.45195,0.0024685264,0.0026789904,-0.004248619,0.0,3
09-30-2019 16:58:19,-0.57928467,-0.5566559,9.458771,0.0010120273,-0.0013584495,-0.002910614,0.0,3
09-30-2019 16:58:19,-0.5859833,-0.5590515,9.4301605,0.00061768293,-0.0012369752,-0.0019636154,0.0,3
09-30-2019 16:58:19,-0.5865936,-0.5638428,9.452316,0,0,0,0.0,3
09-30-2019 16:58:19,-0.584198,-0.5626373,9.452911,-0.0007375479,-0.0022542477,0.011058807,0.0,3
09-30-2019 16:58:19,-0.58239746,-0.56204224,9.454712,0.0013079047,-0.00036084652,0.0078020096,0.0,3
09-30-2019 16:58:19,-0.5805969,-0.5566559,9.450516,0.0041393638,0.004040718,0.0036754608,0.0,3
09-30-2019 16:58:19,-0.58418274,-0.557251,9.44812,9.161234e-05,0.0023032427,0.0008363724,0.0,3
09-30-2019 16:58:19,-0.58239746,-0.5590515,9.450516,0.0010396838,0.00035327673,0.0021429062,0.0,3
09-30-2019 16:58:19,-0.58000183,-0.5632477,9.454712,0.0018513799,-0.0027244687,0.0041894913,0.0,3
09-30-2019 16:58:19,-0.58358765,-0.5596466,9.44693,-0.0016279817,-0.001054883,0.0012130737,0.0,3
09-30-2019 16:58:19,-0.584198,-0.5626373,9.452316,0.0059669614,0.0014869571,0.00078868866,0.0,3
09-30-2019 16:58:19,-0.5734253,-0.5590515,9.452316,-0.0024200082,-0.0019317269,0.0004930496,0.0,3
09-30-2019 16:58:19,-0.58239746,-0.5632477,9.452316,0.0018002391,-0.00148803,0.0014953613,0.0,3
09-30-2019 16:58:19,-0.57699585,-0.5632477,9.454102,-0.00074231625,0.00073719025,-0.004252434,0.0,3
09-30-2019 16:58:19,-0.58299255,-0.5638428,9.447525,-0.0010858774,-0.0026349425,-0.0028562546,0.0,3
09-30-2019 16:58:19,-0.5787964,-0.56025696,9.44632,-0.002937436,0.0006698966,-0.0022993088,0.0,3
09-30-2019 16:58:19,-0.57940674,-0.56443787,9.446335,-0.0014307499,-0.00018745661,-0.0014925003,0.0,3
09-30-2019 16:58:19,-0.58239746,-0.56144714,9.4457245,-0.0019690394,0.0010347962,0.0010080338,0.0,3
09-30-2019 16:58:19,-0.5817871,-0.5632324,9.4457245,0.0016652942,0.0002580285,0.0010633469,0.0,3
09-30-2019 16:58:19,-0.5865936,-0.56204224,9.453506,0.00016450882,0.0040305257,-0.0013017654,0.0,3
09-30-2019 16:58:19,-0.58299255,-0.56204224,9.448715,-0.001044333,-0.0009780526,-0.002070427,0.0,3
09-30-2019 16:58:19,-0.5782013,-0.5626373,9.449326,0.00022685528,-0.0035308003,-0.0041513443,0.0,3
09-30-2019 16:58:19,-0.57940674,-0.5566559,9.446335,-0.0027039647,0.005437672,0.008387566,0.0,3
09-30-2019 16:58:19,-0.581192,-0.56204224,9.444534,-0.00034600496,-0.00039589405,-0.0011949539,0.0,3
09-30-2019 16:58:19,-0.5787964,-0.5578613,9.4457245,0.001393199,-0.0010640025,-0.0015993118,0.0,3
09-30-2019 16:58:19,-0.58000183,-0.5668335,9.440338,0.0013878942,-0.0004235506,0.00050354004,0.0,3
09-30-2019 16:58:19,-0.5847931,-0.55426025,9.457092,-0.0054140687,0.0024953485,-0.0020284653,0.0,3
09-30-2019 16:58:19,-0.5817871,-0.56085205,9.44693,-0.0006543398,0.003326714,0.0022277832,0.0,3
09-30-2019 16:58:19,-0.5787964,-0.5626373,9.4457245,0.0033663511,-9.596348e-05,-0.00046634674,0.0,3
09-30-2019 16:58:19,-0.5847931,-0.5608368,9.454712,0.0019757152,0.00024312735,-0.0035028458,0.0,3
09-30-2019 16:58:19,-0.5776062,-0.56204224,9.44812,-0.00016635656,-0.00044494867,0.004467964,0.0,3
09-30-2019 16:58:19,-0.5877838,-0.55784607,9.444534,-0.0012373328,0.0029889941,-0.00022983551,0.0,3
09-30-2019 16:58:19,-0.58299255,-0.55545044,9.449921,-0.0013555288,-0.0017074943,-0.001739502,0.0,3
09-30-2019 16:58:19,-0.5776062,-0.5596466,9.44693,-0.0056884885,0.002020657,0.0012378693,0.0,3
09-30-2019 16:58:19,-0.5740204,-0.5638275,9.451111,0.0010504723,-0.0033313036,-0.0027418137,0.0,3
09-30-2019 16:58:19,-0.5776062,-0.5596466,9.442139,-0.0004477501,0.0020727515,-0.002623558,0.0,3
09-30-2019 16:58:19,-0.58000183,-0.56085205,9.452316,0.00014710426,0.0014976263,0.0010824203,0.0,3
09-30-2019 16:58:19,-0.5817871,-0.55545044,9.447525,-0.0017706752,-0.00023919344,0.0023012161,0.0,3
09-30-2019 16:58:19,-0.58299255,-0.56085205,9.445129,0.0003629923,-0.003851235,-9.727478e-05,0.0,3
09-30-2019 16:58:19,-0.5847931,-0.5626373,9.438538,0.0037372112,-0.00033181906,0.00031661987,0.0,3
09-30-2019 16:58:19,-0.5895691,-0.5566559,9.44873,-0.0014824271,0.0042462945,0.0017900467,0.0,3
09-30-2019 16:58:19,-0.58299255,-0.5638275,9.443329,0.00025641918,-0.0013455749,0.0007314682,0.0,3
09-30-2019 16:58:19,-0.5847931,-0.557251,9.442139,-0.00031280518,-2.6285648e-05,0.00095653534,0.0,3
09-30-2019 16:58:19,-0.5847931,-0.557251,9.446335,-0.0010857582,-0.00066041946,-0.00012683868,0.0,3
09-30-2019 16:58:19,-0.58239746,-0.56025696,9.442734,0.0020567775,-0.0031031966,-0.004040718,0.0,3
09-30-2019 16:58:19,-0.5877838,-0.5584564,9.44873,0.0020529628,-0.0019455552,-0.0027170181,0.0,3
09-30-2019 16:58:19,-0.5847931,-0.5638275,9.446335,-0.0005636811,-0.0012616515,0.0041770935,0.0,3
09-30-2019 16:58:19,-0.57940674,-0.5602417,9.44693,-0.003639698,-0.0041288733,0.0019330978,0.0,3
09-30-2019 16:58:19,-0.5853882,-0.5530548,9.449326,-0.0005143881,0.0018108487,-0.0026922226,0.0,3
09-30-2019 16:58:19,-0.5817871,-0.55545044,9.450516,0.003636539,0.001313746,-0.0006227493,0.0,3
09-30-2019 16:58:19,-0.58358765,-0.5578613,9.448715,0.0024178028,4.9710274e-05,-0.0019893646,0.0,3
09-30-2019 16:58:19,-0.5853882,-0.557251,9.44931,0.00052183867,0.002159536,-0.0024871826,0.0,3
09-30-2019 16:58:19,-0.5871887,-0.5584564,9.44812,0.0028055906,-0.0007265806,0.004327774,0.0,3
09-30-2019 16:58:19,-0.58358765,-0.5626373,9.442139,-0.0015475154,0.0006786585,0.004467964,0.0,3
09-30-2019 16:58:19,-0.58358765,-0.56204224,9.449921,0.0015321374,-0.002460897,-0.0025777817,0.0,3
09-30-2019 16:58:19,-0.58239746,-0.56204224,9.442139,0.004303932,3.552437e-05,0.0022306442,0.0,3
09-30-2019 16:58:19,-0.5859833,-0.56144714,9.451111,-0.0004031062,-0.0005363822,0.0011005402,0.0,3
09-30-2019 16:58:19,-0.59017944,-0.56562805,9.449921,-0.0011004806,-0.000957191,0.0023317337,0.0,3
09-30-2019 16:58:19,-0.5877838,-0.5584564,9.443939,-0.0029364228,-0.005190611,0.0015668869,0.0,3
09-30-2019 16:58:19,-0.58358765,-0.5590515,9.451111,9.649992e-05,-0.0051662326,0.00062179565,0.0,3
09-30-2019 16:58:19,-0.5817871,-0.5578613,9.4457245,-2.7477741e-05,-1.2934208e-05,-0.0007753372,0.0,3
09-30-2019 16:58:19,-0.58239746,-0.5590515,9.443329,0.0015689731,0.0012993217,0.0014572144,0.0,3
09-30-2019 16:58:19,-0.5847931,-0.5560608,9.441528,0.0028980374,0.0014915466,0.0053720474,0.0,3
09-30-2019 16:58:19,-0.5817871,-0.5584564,9.450516,-0.00067842007,-0.002075076,0.0015468597,0.0,3
09-30-2019 16:58:19,-0.57940674,-0.5632324,9.444534,-0.001722157,-0.00043267012,0.004986763,0.0,3
09-30-2019 16:58:19,-0.5871887,-0.5560608,9.452911,-0.00025880337,-0.0044772625,0.006884575,0.0,3
09-30-2019 16:58:19,-0.58418274,-0.56025696,9.444534,0.00020581484,-0.0022788644,-0.0010490417,0.0,3
09-30-2019 16:58:19,-0.5787964,-0.557251,9.450516,-0.0020025373,-0.0015472174,0.006064415,0.0,3
09-30-2019 16:58:19,-0.58418274,-0.55784607,9.449921,-0.003420949,0.0028939247,0.007994652,0.0,3
09-30-2019 16:58:19,-0.5805969,-0.56025696,9.44931,-0.00059729815,-0.001460731,0.005381584,0.0,3
09-30-2019 16:58:19,-0.5859833,-0.5584564,9.452301,-0.0055158734,0.006889403,-0.0031995773,0.0,3
09-30-2019 16:58:19,-0.5895691,-0.56503296,9.452316,-0.0013778806,-0.008634925,0.01064682,0.0,3
09-30-2019 16:58:19,-0.58657837,-0.5668335,9.451721,-0.0008748174,0.0043408275,-0.0008678436,0.0,3
09-30-2019 16:58:19,-0.5871887,-0.56144714,9.449921,0.001003921,-0.010755479,0.006213188,0.0,3
09-30-2019 16:58:19,-0.58000183,-0.56204224,9.454712,-0.0029244423,0.009693921,-0.0038280487,0.0,3
09-30-2019 16:58:19,-0.58418274,-0.5596466,9.452911,0.0005556941,0.002524674,-0.004163742,0.0,3
09-30-2019 16:58:19,-0.58180237,-0.5584564,9.459503,-0.0031542182,0.0020217896,-0.0027999878,0.0,3
09-30-2019 16:58:19,-0.5853882,-0.5626373,9.456497,-0.001791954,0.0033327937,-0.0058374405,0.0,3
09-30-2019 16:58:19,-0.58717346,-0.56025696,9.462494,-0.0008696914,0.0027094483,-0.008682251,0.0,3
09-30-2019 16:58:19,-0.5877838,-0.5632477,9.465485,-0.00025480986,0.003639996,-0.00415802,0.0,3
09-30-2019 16:58:19,-0.5853882,-0.5662384,9.46788,-0.0040298104,-0.0018053055,-0.007124901,0.0,3
09-30-2019 16:58:19,-0.5847931,-0.5638428,9.459503,0.0013216138,0.0015541911,-0.0011377335,0.0,3
09-30-2019 16:58:19,-0.5877838,-0.5638428,9.469666,0.005766332,0.00083631277,-0.0011634827,0.0,3
09-30-2019 16:58:19,-0.58958435,-0.55844116,9.475647,-0.0030706525,-0.0007354021,0.00048160553,0.0,3
09-30-2019 16:58:19,-0.59077454,-0.5638428,9.464279,-0.0019232631,0.005271256,-0.002064705,0.0,3
09-30-2019 16:58:19,-0.5871887,-0.56443787,9.475662,-0.00055235624,0.00015091896,-0.0017404556,0.0,3
09-30-2019 16:58:19,-0.5949707,-0.552475,9.465485,-0.0033484101,0.00055497885,-0.0039834976,0.0,3
09-30-2019 16:58:19,-0.5913696,-0.57281494,9.484634,-1.1444092e-05,0.0043249726,-0.0022230148,0.0,3
09-30-2019 16:58:19,-0.59077454,-0.5584564,9.4726715,-0.0050042868,0.0007273555,-0.0022993088,0.0,3
09-30-2019 16:58:19,-0.59436035,-0.55126953,9.465485,-0.0011931062,-0.0008944869,-0.00032043457,0.0,3
09-30-2019 16:58:19,-0.5877838,-0.58000183,9.482834,-0.0024594665,0.0008826852,-0.0029745102,0.0,3
09-30-2019 16:58:19,-0.5925598,-0.5554657,9.470871,0.004270196,0.0014247298,-0.00198555,0.0,3
09-30-2019 16:58:20,-0.58251953,-0.55856323,9.4614105,0.00021356344,-0.001835227,-0.00046920776,0.0,4
09-30-2019 16:58:20,-0.5832367,-0.5601196,9.466797,0.0011557937,-0.0028277636,0.006052971,0.0,4
09-30-2019 16:58:20,-0.5815582,-0.5626373,9.471344,1.8537045e-05,-0.0021959543,0.00095558167,0.0,4
09-30-2019 16:58:20,-0.58143616,-0.5543823,9.476486,0.002009213,0.002809465,0.0035820007,0.0,4
09-30-2019 16:58:20,-0.5790405,-0.5547333,9.45195,0.0024685264,0.0026789904,-0.004248619,0.0,4
09-30-2019 16:58:20,-0.57928467,-0.5566559,9.458771,0.0010120273,-0.0013584495,-0.002910614,0.0,4
09-30-2019 16:58:20,-0.5859833,-0.5590515,9.4301605,0.00061768293,-0.0012369752,-0.0019636154,0.0,4
09-30-2019 16:58:20,-0.5865936,-0.5638428,9.452316,0,0,0,0.0,4
09-30-2019 16:58:20,-0.584198,-0.5626373,9.452911,-0.0007375479,-0.0022542477,0.011058807,0.0,4
09-30-2019 16:58:20,-0.58239746,-0.56204224,9.454712,0.0013079047,-0.00036084652,0.0078020096,0.0,4
09-30-2019 16:58:20,-0.5805969,-0.5566559,9.450516,0.0041393638,0.004040718,0.0036754608,0.0,4
09-30-2019 16:58:20,-0.58418274,-0.557251,9.44812,9.161234e-05,0.0023032427,0.0008363724,0.0,4
09-30-2019 16:58:20,-0.58239746,-0.5590515,9.450516,0.0010396838,0.00035327673,0.0021429062,0.0,4
09-30-2019 16:58:20,-0.58000183,-0.5632477,9.454712,0.0018513799,-0.0027244687,0.0041894913,0.0,4
09-30-2019 16:58:20,-0.58358765,-0.5596466,9.44693,-0.0016279817,-0.001054883,0.0012130737,0.0,4
09-30-2019 16:58:20,-0.584198,-0.5626373,9.452316,0.0059669614,0.0014869571,0.00078868866,0.0,4
09-30-2019 16:58:20,-0.5734253,-0.5590515,9.452316,-0.0024200082,-0.0019317269,0.0004930496,0.0,4
09-30-2019 16:58:20,-0.58239746,-0.5632477,9.452316,0.0018002391,-0.00148803,0.0014953613,0.0,4
09-30-2019 16:58:20,-0.57699585,-0.5632477,9.454102,-0.00074231625,0.00073719025,-0.004252434,0.0,4
09-30-2019 16:58:20,-0.58299255,-0.5638428,9.447525,-0.0010858774,-0.0026349425,-0.0028562546,0.0,4
09-30-2019 16:58:20,-0.5787964,-0.56025696,9.44632,-0.002937436,0.0006698966,-0.0022993088,0.0,4
09-30-2019 16:58:20,-0.57940674,-0.56443787,9.446335,-0.0014307499,-0.00018745661,-0.0014925003,0.0,4
09-30-2019 16:58:20,-0.58239746,-0.56144714,9.4457245,-0.0019690394,0.0010347962,0.0010080338,0.0,4
09-30-2019 16:58:20,-0.5817871,-0.5632324,9.4457245,0.0016652942,0.0002580285,0.0010633469,0.0,4
09-30-2019 16:58:20,-0.5865936,-0.56204224,9.453506,0.00016450882,0.0040305257,-0.0013017654,0.0,4
09-30-2019 16:58:20,-0.58299255,-0.56204224,9.448715,-0.001044333,-0.0009780526,-0.002070427,0.0,4
09-30-2019 16:58:20,-0.5782013,-0.5626373,9.449326,0.00022685528,-0.0035308003,-0.0041513443,0.0,4
09-30-2019 16:58:20,-0.57940674,-0.5566559,9.446335,-0.0027039647,0.005437672,0.008387566,0.0,4
09-30-2019 16:58:20,-0.581192,-0.56204224,9.444534,-0.00034600496,-0.00039589405,-0.0011949539,0.0,4
09-30-2019 16:58:20,-0.5787964,-0.5578613,9.4457245,0.001393199,-0.0010640025,-0.0015993118,0.0,4
09-30-2019 16:58:20,-0.58000183,-0.5668335,9.440338,0.0013878942,-0.0004235506,0.00050354004,0.0,4
09-30-2019 16:58:20,-0.5847931,-0.55426025,9.457092,-0.0054140687,0.0024953485,-0.0020284653,0.0,4
09-30-2019 16:58:20,-0.5817871,-0.56085205,9.44693,-0.0006543398,0.003326714,0.0022277832,0.0,4
09-30-2019 16:58:20,-0.5787964,-0.5626373,9.4457245,0.0033663511,-9.596348e-05,-0.00046634674,0.0,4
09-30-2019 16:58:20,-0.5847931,-0.5608368,9.454712,0.0019757152,0.00024312735,-0.0035028458,0.0,4
09-30-2019 16:58:20,-0.5776062,-0.56204224,9.44812,-0.00016635656,-0.00044494867,0.004467964,0.0,4
09-30-2019 16:58:20,-0.5877838,-0.55784607,9.444534,-0.0012373328,0.0029889941,-0.00022983551,0.0,4
09-30-2019 16:58:20,-0.58299255,-0.55545044,9.449921,-0.0013555288,-0.0017074943,-0.001739502,0.0,4
09-30-2019 16:58:20,-0.5776062,-0.5596466,9.44693,-0.0056884885,0.002020657,0.0012378693,0.0,4
09-30-2019 16:58:20,-0.5740204,-0.5638275,9.451111,0.0010504723,-0.0033313036,-0.0027418137,0.0,4
09-30-2019 16:58:20,-0.5776062,-0.5596466,9.442139,-0.0004477501,0.0020727515,-0.002623558,0.0,4
09-30-2019 16:58:20,-0.58000183,-0.56085205,9.452316,0.00014710426,0.0014976263,0.0010824203,0.0,4
09-30-2019 16:58:20,-0.5817871,-0.55545044,9.447525,-0.0017706752,-0.00023919344,0.0023012161,0.0,4
09-30-2019 16:58:20,-0.58299255,-0.56085205,9.445129,0.0003629923,-0.003851235,-9.727478e-05,0.0,4
09-30-2019 16:58:20,-0.5847931,-0.5626373,9.438538,0.0037372112,-0.00033181906,0.00031661987,0.0,4
09-30-2019 16:58:20,-0.5895691,-0.5566559,9.44873,-0.0014824271,0.0042462945,0.0017900467,0.0,4
09-30-2019 16:58:20,-0.58299255,-0.5638275,9.443329,0.00025641918,-0.0013455749,0.0007314682,0.0,4
09-30-2019 16:58:20,-0.5847931,-0.557251,9.442139,-0.00031280518,-2.6285648e-05,0.00095653534,0.0,4
09-30-2019 16:58:20,-0.5847931,-0.557251,9.446335,-0.0010857582,-0.00066041946,-0.00012683868,0.0,4
09-30-2019 16:58:20,-0.58239746,-0.56025696,9.442734,0.0020567775,-0.0031031966,-0.004040718,0.0,4
09-30-2019 16:58:20,-0.5877838,-0.5584564,9.44873,0.0020529628,-0.0019455552,-0.0027170181,0.0,4
09-30-2019 16:58:20,-0.5847931,-0.5638275,9.446335,-0.0005636811,-0.0012616515,0.0041770935,0.0,4
09-30-2019 16:58:20,-0.57940674,-0.5602417,9.44693,-0.003639698,-0.0041288733,0.0019330978,0.0,4
09-30-2019 16:58:20,-0.5853882,-0.5530548,9.449326,-0.0005143881,0.0018108487,-0.0026922226,0.0,4
09-30-2019 16:58:20,-0.5817871,-0.55545044,9.450516,0.003636539,0.001313746,-0.0006227493,0.0,4
09-30-2019 16:58:20,-0.58358765,-0.5578613,9.448715,0.0024178028,4.9710274e-05,-0.0019893646,0.0,4
09-30-2019 16:58:20,-0.5853882,-0.557251,9.44931,0.00052183867,0.002159536,-0.0024871826,0.0,4
09-30-2019 16:58:20,-0.5871887,-0.5584564,9.44812,0.0028055906,-0.0007265806,0.004327774,0.0,4
09-30-2019 16:58:20,-0.58358765,-0.5626373,9.442139,-0.0015475154,0.0006786585,0.004467964,0.0,4
09-30-2019 16:58:20,-0.58358765,-0.56204224,9.449921,0.0015321374,-0.002460897,-0.0025777817,0.0,4
09-30-2019 16:58:20,-0.58239746,-0.56204224,9.442139,0.004303932,3.552437e-05,0.0022306442,0.0,4
09-30-2019 16:58:20,-0.5859833,-0.56144714,9.451111,-0.0004031062,-0.0005363822,0.0011005402,0.0,4
09-30-2019 16:58:20,-0.59017944,-0.56562805,9.449921,-0.0011004806,-0.000957191,0.0023317337,0.0,4
09-30-2019 16:58:20,-0.5877838,-0.5584564,9.443939,-0.0029364228,-0.005190611,0.0015668869,0.0,4
09-30-2019 16:58:20,-0.58358765,-0.5590515,9.451111,9.649992e-05,-0.0051662326,0.00062179565,0.0,4
09-30-2019 16:58:20,-0.5817871,-0.5578613,9.4457245,-2.7477741e-05,-1.2934208e-05,-0.0007753372,0.0,4
09-30-2019 16:58:20,-0.58239746,-0.5590515,9.443329,0.0015689731,0.0012993217,0.0014572144,0.0,4
09-30-2019 16:58:20,-0.5847931,-0.5560608,9.441528,0.0028980374,0.0014915466,0.0053720474,0.0,4
09-30-2019 16:58:20,-0.5817871,-0.5584564,9.450516,-0.00067842007,-0.002075076,0.0015468597,0.0,4
09-30-2019 16:58:20,-0.57940674,-0.5632324,9.444534,-0.001722157,-0.00043267012,0.004986763,0.0,4
09-30-2019 16:58:20,-0.5871887,-0.5560608,9.452911,-0.00025880337,-0.0044772625,0.006884575,0.0,4
09-30-2019 16:58:20,-0.58418274,-0.56025696,9.444534,0.00020581484,-0.0022788644,-0.0010490417,0.0,4
09-30-2019 16:58:20,-0.5787964,-0.557251,9.450516,-0.0020025373,-0.0015472174,0.006064415,0.0,4
09-30-2019 16:58:20,-0.58418274,-0.55784607,9.449921,-0.003420949,0.0028939247,0.007994652,0.0,4
09-30-2019 16:58:20,-0.5805969,-0.56025696,9.44931,-0.00059729815,-0.001460731,0.005381584,0.0,4
09-30-2019 16:58:20,-0.5859833,-0.5584564,9.452301,-0.0055158734,0.006889403,-0.0031995773,0.0,4
09-30-2019 16:58:20,-0.5895691,-0.56503296,9.452316,-0.0013778806,-0.008634925,0.01064682,0.0,4
09-30-2019 16:58:20,-0.58657837,-0.5668335,9.451721,-0.0008748174,0.0043408275,-0.0008678436,0.0,4
09-30-2019 16:58:20,-0.5871887,-0.56144714,9.449921,0.001003921,-0.010755479,0.006213188,0.0,4
09-30-2019 16:58:20,-0.58000183,-0.56204224,9.454712,-0.0029244423,0.009693921,-0.0038280487,0.0,4
09-30-2019 16:58:20,-0.58418274,-0.5596466,9.452911,0.0005556941,0.002524674,-0.004163742,0.0,4
09-30-2019 16:58:20,-0.58180237,-0.5584564,9.459503,-0.0031542182,0.0020217896,-0.0027999878,0.0,4
09-30-2019 16:58:20,-0.5853882,-0.5626373,9.456497,-0.001791954,0.0033327937,-0.0058374405,0.0,4
09-30-2019 16:58:20,-0.58717346,-0.56025696,9.462494,-0.0008696914,0.0027094483,-0.008682251,0.0,4
09-30-2019 16:58:20,-0.5877838,-0.5632477,9.465485,-0.00025480986,0.003639996,-0.00415802,0.0,4
09-30-2019 16:58:20,-0.5853882,-0.5662384,9.46788,-0.0040298104,-0.0018053055,-0.007124901,0.0,4
09-30-2019 16:58:20,-0.5847931,-0.5638428,9.459503,0.0013216138,0.0015541911,-0.0011377335,0.0,4
09-30-2019 16:58:20,-0.5877838,-0.5638428,9.469666,0.005766332,0.00083631277,-0.0011634827,0.0,4
09-30-2019 16:58:20,-0.58958435,-0.55844116,9.475647,-0.0030706525,-0.0007354021,0.00048160553,0.0,4
09-30-2019 16:58:20,-0.59077454,-0.5638428,9.464279,-0.0019232631,0.005271256,-0.002064705,0.0,4
09-30-2019 16:58:20,-0.5871887,-0.56443787,9.475662,-0.00055235624,0.00015091896,-0.0017404556,0.0,4
09-30-2019 16:58:20,-0.5949707,-0.552475,9.465485,-0.0033484101,0.00055497885,-0.0039834976,0.0,4
09-30-2019 16:58:20,-0.5913696,-0.57281494,9.484634,-1.1444092e-05,0.0043249726,-0.0022230148,0.0,4
09-30-2019 16:58:20,-0.59077454,-0.5584564,9.4726715,-0.0050042868,0.0007273555,-0.0022993088,0.0,4
09-30-2019 16:58:20,-0.59436035,-0.55126953,9.465485,-0.0011931062,-0.0008944869,-0.00032043457,0.0,4
09-30-2019 16:58:20,-0.5877838,-0.58000183,9.482834,-0.0024594665,0.0008826852,-0.0029745102,0.0,4
09-30-2019 16:58:20,-0.585495,-0.5559387,9.456375,0,0,0,0.0,4
09-30-2019 16:58:20,-0.58251953,-0.55856323,9.4614105,0.00021356344,-0.001835227,-0.00046920776,0.0,4
09-30-2019 16:58:20,-0.5832367,-0.5601196,9.466797,0.0011557937,-0.0028277636,0.006052971,0.0,4
09-30-2019 16:58:20,-0.5815582,-0.5626373,9.471344,1.8537045e-05,-0.0021959543,0.00095558167,0.0,4
09-30-2019 16:58:20,-0.58143616,-0.5543823,9.476486,0.002009213,0.002809465,0.0035820007,0.0,4
09-30-2019 16:58:20,-0.5790405,-0.5547333,9.45195,0.0024685264,0.0026789904,-0.004248619,0.0,4
09-30-2019 16:58:20,-0.57928467,-0.5566559,9.458771,0.0010120273,-0.0013584495,-0.002910614,0.0,4
09-30-2019 16:58:20,-0.5859833,-0.5590515,9.4301605,0.00061768293,-0.0012369752,-0.0019636154,0.0,4
09-30-2019 16:58:20,-0.5865936,-0.5638428,9.452316,0,0,0,0.0,4
09-30-2019 16:58:20,-0.584198,-0.5626373,9.452911,-0.0007375479,-0.0022542477,0.011058807,0.0,4
09-30-2019 16:58:20,-0.58239746,-0.56204224,9.454712,0.0013079047,-0.00036084652,0.0078020096,0.0,4
09-30-2019 16:58:20,-0.5805969,-0.5566559,9.450516,0.0041393638,0.004040718,0.0036754608,0.0,4
09-30-2019 16:58:20,-0.58418274,-0.557251,9.44812,9.161234e-05,0.0023032427,0.0008363724,0.0,4
09-30-2019 16:58:20,-0.58239746,-0.5590515,9.450516,0.0010396838,0.00035327673,0.0021429062,0.0,4
09-30-2019 16:58:20,-0.58000183,-0.5632477,9.454712,0.0018513799,-0.0027244687,0.0041894913,0.0,4
09-30-2019 16:58:20,-0.58358765,-0.5596466,9.44693,-0.0016279817,-0.001054883,0.0012130737,0.0,4
09-30-2019 16:58:20,-0.584198,-0.5626373,9.452316,0.0059669614,0.0014869571,0.00078868866,0.0,4
09-30-2019 16:58:20,-0.5734253,-0.5590515,9.452316,-0.0024200082,-0.0019317269,0.0004930496,0.0,4
09-30-2019 16:58:20,-0.58239746,-0.5632477,9.452316,0.0018002391,-0.00148803,0.0014953613,0.0,4
09-30-2019 16:58:20,-0.57699585,-0.5632477,9.454102,-0.00074231625,0.00073719025,-0.004252434,0.0,4
09-30-2019 16:58:20,-0.58299255,-0.5638428,9.447525,-0.0010858774,-0.0026349425,-0.0028562546,0.0,4
09-30-2019 16:58:20,-0.5787964,-0.56025696,9.44632,-0.002937436,0.0006698966,-0.0022993088,0.0,4
09-30-2019 16:58:20,-0.57940674,-0.56443787,9.446335,-0.0014307499,-0.00018745661,-0.0014925003,0.0,4
09-30-2019 16:58:20,-0.58239746,-0.56144714,9.4457245,-0.0019690394,0.0010347962,0.0010080338,0.0,4
09-30-2019 16:58:20,-0.5817871,-0.5632324,9.4457245,0.0016652942,0.0002580285,0.0010633469,0.0,4
09-30-2019 16:58:20,-0.5865936,-0.56204224,9.453506,0.00016450882,0.0040305257,-0.0013017654,0.0,4
09-30-2019 16:58:20,-0.58299255,-0.56204224,9.448715,-0.001044333,-0.0009780526,-0.002070427,0.0,4
09-30-2019 16:58:20,-0.5782013,-0.5626373,9.449326,0.00022685528,-0.0035308003,-0.0041513443,0.0,4
09-30-2019 16:58:20,-0.57940674,-0.5566559,9.446335,-0.0027039647,0.005437672,0.008387566,0.0,4
09-30-2019 16:58:20,-0.581192,-0.56204224,9.444534,-0.00034600496,-0.00039589405,-0.0011949539,0.0,4
09-30-2019 16:58:20,-0.5787964,-0.5578613,9.4457245,0.001393199,-0.0010640025,-0.0015993118,0.0,4
09-30-2019 16:58:20,-0.58000183,-0.5668335,9.440338,0.0013878942,-0.0004235506,0.00050354004,0.0,4
09-30-2019 16:58:20,-0.5847931,-0.55426025,9.457092,-0.0054140687,0.0024953485,-0.0020284653,0.0,4
09-30-2019 16:58:20,-0.5817871,-0.56085205,9.44693,-0.0006543398,0.003326714,0.0022277832,0.0,4
09-30-2019 16:58:20,-0.5787964,-0.5626373,9.4457245,0.0033663511,-9.596348e-05,-0.00046634674,0.0,4
09-30-2019 16:58:20,-0.5847931,-0.5608368,9.454712,0.0019757152,0.00024312735,-0.0035028458,0.0,4
09-30-2019 16:58:20,-0.5776062,-0.56204224,9.44812,-0.00016635656,-0.00044494867,0.004467964,0.0,4
09-30-2019 16:58:20,-0.5877838,-0.55784607,9.444534,-0.0012373328,0.0029889941,-0.00022983551,0.0,4
09-30-2019 16:58:20,-0.58299255,-0.55545044,9.449921,-0.0013555288,-0.0017074943,-0.001739502,0.0,4
09-30-2019 16:58:20,-0.5776062,-0.5596466,9.44693,-0.0056884885,0.002020657,0.0012378693,0.0,4
09-30-2019 16:58:20,-0.5740204,-0.5638275,9.451111,0.0010504723,-0.0033313036,-0.0027418137,0.0,4
09-30-2019 16:58:20,-0.5776062,-0.5596466,9.442139,-0.0004477501,0.0020727515,-0.002623558,0.0,4
09-30-2019 16:58:20,-0.58000183,-0.56085205,9.452316,0.00014710426,0.0014976263,0.0010824203,0.0,4
09-30-2019 16:58:20,-0.5817871,-0.55545044,9.447525,-0.0017706752,-0.00023919344,0.0023012161,0.0,4
09-30-2019 16:58:20,-0.58299255,-0.56085205,9.445129,0.0003629923,-0.003851235,-9.727478e-05,0.0,4
09-30-2019 16:58:20,-0.5847931,-0.5626373,9.438538,0.0037372112,-0.00033181906,0.00031661987,0.0,4
09-30-2019 16:58:20,-0.5895691,-0.5566559,9.44873,-0.0014824271,0.0042462945,0.0017900467,0.0,4
09-30-2019 16:58:20,-0.58299255,-0.5638275,9.443329,0.00025641918,-0.0013455749,0.0007314682,0.0,4
09-30-2019 16:58:20,-0.5847931,-0.557251,9.442139,-0.00031280518,-2.6285648e-05,0.00095653534,0.0,4
09-30-2019 16:58:20,-0.5847931,-0.557251,9.446335,-0.0010857582,-0.00066041946,-0.00012683868,0.0,4
09-30-2019 16:58:20,-0.58239746,-0.56025696,9.442734,0.0020567775,-0.0031031966,-0.004040718,0.0,4
09-30-2019 16:58:20,-0.5877838,-0.5584564,9.44873,0.0020529628,-0.0019455552,-0.0027170181,0.0,4
09-30-2019 16:58:20,-0.5847931,-0.5638275,9.446335,-0.0005636811,-0.0012616515,0.0041770935,0.0,4
09-30-2019 16:58:20,-0.57940674,-0.5602417,9.44693,-0.003639698,-0.0041288733,0.0019330978,0.0,4
09-30-2019 16:58:20,-0.5853882,-0.5530548,9.449326,-0.0005143881,0.0018108487,-0.0026922226,0.0,4
09-30-2019 16:58:20,-0.5817871,-0.55545044,9.450516,0.003636539,0.001313746,-0.0006227493,0.0,4
09-30-2019 16:58:20,-0.58358765,-0.5578613,9.448715,0.0024178028,4.9710274e-05,-0.0019893646,0.0,4
09-30-2019 16:58:20,-0.5853882,-0.557251,9.44931,0.00052183867,0.002159536,-0.0024871826,0.0,4
09-30-2019 16:58:20,-0.5871887,-0.5584564,9.44812,0.0028055906,-0.0007265806,0.004327774,0.0,4
09-30-2019 16:58:20,-0.58358765,-0.5626373,9.442139,-0.0015475154,0.0006786585,0.004467964,0.0,4
09-30-2019 16:58:20,-0.58358765,-0.56204224,9.449921,0.0015321374,-0.002460897,-0.0025777817,0.0,4
09-30-2019 16:58:20,-0.58239746,-0.56204224,9.442139,0.004303932,3.552437e-05,0.0022306442,0.0,4
09-30-2019 16:58:20,-0.5859833,-0.56144714,9.451111,-0.0004031062,-0.0005363822,0.0011005402,0.0,4
09-30-2019 16:58:20,-0.59017944,-0.56562805,9.449921,-0.0011004806,-0.000957191,0.0023317337,0.0,4
09-30-2019 16:58:20,-0.5877838,-0.5584564,9.443939,-0.0029364228,-0.005190611,0.0015668869,0.0,4
09-30-2019 16:58:20,-0.58358765,-0.5590515,9.451111,9.649992e-05,-0.0051662326,0.00062179565,0.0,4
09-30-2019 16:58:20,-0.5817871,-0.5578613,9.4457245,-2.7477741e-05,-1.2934208e-05,-0.0007753372,0.0,4
09-30-2019 16:58:20,-0.58239746,-0.5590515,9.443329,0.0015689731,0.0012993217,0.0014572144,0.0,4
09-30-2019 16:58:20,-0.5847931,-0.5560608,9.441528,0.0028980374,0.0014915466,0.0053720474,0.0,4
09-30-2019 16:58:20,-0.5817871,-0.5584564,9.450516,-0.00067842007,-0.002075076,0.0015468597,0.0,4
09-30-2019 16:58:20,-0.57940674,-0.5632324,9.444534,-0.001722157,-0.00043267012,0.004986763,0.0,4
09-30-2019 16:58:20,-0.5871887,-0.5560608,9.452911,-0.00025880337,-0.0044772625,0.006884575,0.0,4
09-30-2019 16:58:20,-0.58418274,-0.56025696,9.444534,0.00020581484,-0.0022788644,-0.0010490417,0.0,4
09-30-2019 16:58:20,-0.5787964,-0.557251,9.450516,-0.0020025373,-0.0015472174,0.006064415,0.0,4
09-30-2019 16:58:20,-0.58418274,-0.55784607,9.449921,-0.003420949,0.0028939247,0.007994652,0.0,4
09-30-2019 16:58:20,-0.5805969,-0.56025696,9.44931,-0.00059729815,-0.001460731,0.005381584,0.0,4
09-30-2019 16:58:20,-0.5859833,-0.5584564,9.452301,-0.0055158734,0.006889403,-0.0031995773,0.0,4
09-30-2019 16:58:20,-0.5895691,-0.56503296,9.452316,-0.0013778806,-0.008634925,0.01064682,0.0,4
09-30-2019 16:58:20,-0.58657837,-0.5668335,9.451721,-0.0008748174,0.0043408275,-0.0008678436,0.0,4
09-30-2019 16:58:20,-0.5871887,-0.56144714,9.449921,0.001003921,-0.010755479,0.006213188,0.0,4
09-30-2019 16:58:20,-0.58000183,-0.56204224,9.454712,-0.0029244423,0.009693921,-0.0038280487,0.0,4
09-30-2019 16:58:20,-0.58418274,-0.5596466,9.452911,0.0005556941,0.002524674,-0.004163742,0.0,4
09-30-2019 16:58:20,-0.58180237,-0.5584564,9.459503,-0.0031542182,0.0020217896,-0.0027999878,0.0,4
09-30-2019 16:58:20,-0.5853882,-0.5626373,9.456497,-0.001791954,0.0033327937,-0.0058374405,0.0,4
09-30-2019 16:58:20,-0.58717346,-0.56025696,9.462494,-0.0008696914,0.0027094483,-0.008682251,0.0,4
09-30-2019 16:58:20,-0.5877838,-0.5632477,9.465485,-0.00025480986,0.003639996,-0.00415802,0.0,4
09-30-2019 16:58:20,-0.5853882,-0.5662384,9.46788,-0.0040298104,-0.0018053055,-0.007124901,0.0,4
09-30-2019 16:58:20,-0.5847931,-0.5638428,9.459503,0.0013216138,0.0015541911,-0.0011377335,0.0,4
09-30-2019 16:58:20,-0.5877838,-0.5638428,9.469666,0.005766332,0.00083631277,-0.0011634827,0.0,4
09-30-2019 16:58:20,-0.58958435,-0.55844116,9.475647,-0.0030706525,-0.0007354021,0.00048160553,0.0,4
09-30-2019 16:58:20,-0.59077454,-0.5638428,9.464279,-0.0019232631,0.005271256,-0.002064705,0.0,4
09-30-2019 16:58:20,-0.5871887,-0.56443787,9.475662,-0.00055235624,0.00015091896,-0.0017404556,0.0,4
09-30-2019 16:58:20,-0.5949707,-0.552475,9.465485,-0.0033484101,0.00055497885,-0.0039834976,0.0,4
09-30-2019 16:58:20,-0.5913696,-0.57281494,9.484634,-1.1444092e-05,0.0043249726,-0.0022230148,0.0,4
09-30-2019 16:58:20,-0.59077454,-0.5584564,9.4726715,-0.0050042868,0.0007273555,-0.0022993088,0.0,4
09-30-2019 16:58:20,-0.59436035,-0.55126953,9.465485,-0.0011931062,-0.0008944869,-0.00032043457,0.0,4
09-30-2019 16:58:20,-0.5877838,-0.58000183,9.482834,-0.0024594665,0.0008826852,-0.0029745102,0.0,4
09-30-2019 16:58:20,-0.5925598,-0.5554657,9.470871,0.004270196,0.0014247298,-0.00198555,0.0,4
09-30-2019 16:58:20,-0.5883789,-0.56144714,9.468475,-0.0022850633,-0.0007888675,0.0038671494,0.0,4
09-30-2019 16:58:20,-0.59317017,-0.56085205,9.468475,0.00088101625,0.0034180284,0.0013999939,0.0,4
09-30-2019 16:58:20,-0.5919647,-0.56085205,9.468475,0.0027047992,0.002115786,0.000954628,0.0,4
09-30-2019 16:58:20,-0.5925598,-0.5584564,9.462494,-0.000762403,0.0024873614,0.0014343262,0.0,4
