09-30-2019 16:18:41,0.48602295,3.4656067,8.415619,0,0,0,0.0,4
09-30-2019 16:18:41,0.59376526,3.4488525,8.209717,-0.006762862,-0.025927544,-0.03375435,0.0,4
09-30-2019 16:18:41,0.71347046,3.344696,8.171417,0.016054094,0.00063943863,-0.0049180984,0.0,4
09-30-2019 16:18:41,0.5051727,3.4284973,8.298309,-0.043259203,-0.016011238,0.016494751,0.0,4
09-30-2019 16:18:41,0.43574524,3.4296875,8.256409,-7.6144934e-05,0.019265652,0.012303352,0.0,4
09-30-2019 16:18:41,0.6464386,3.3171692,8.329422,0.0056746006,0.041874886,-0.055823326,0.0,4
09-30-2019 16:18:41,0.63087463,3.3554688,8.514984,-0.050136805,0.10221815,-0.04021454,0.0,4
09-30-2019 16:18:41,0.35794067,3.6200256,8.632294,0.026211381,0.08157539,-0.0781641,0.0,4
09-30-2019 16:18:41,0.23703003,3.7193909,8.742432,-0.02587074,0.030167341,-0.029176712,0.0,4
09-30-2019 16:18:41,0.375885,3.6008759,8.688553,-0.009008288,0.03625965,-0.008711815,0.0,4
09-30-2019 16:18:41,0.5051727,3.454834,8.611938,-0.010543644,0.012238264,-0.009304047,0.0,4
09-30-2019 16:18:41,0.47644043,3.4512482,8.520966,0.0043156147,-0.0045936108,0.0065546036,0.0,4
09-30-2019 16:18:41,0.3531494,3.4667969,8.516174,0.022605121,0.00244236,0.02805996,0.0,4
09-30-2019 16:18:41,0.3902588,3.3985748,8.668213,-0.0715428,0.08795571,-0.06770229,0.0,4
09-30-2019 16:18:41,0.60453796,3.2237854,8.51738,-0.18255895,0.06706905,-0.012032509,0.0,4
09-30-2019 16:18:41,0.57341003,3.147171,8.289917,0.21984375,-0.47083473,0.13741636,0.0,4
09-30-2019 16:18:41,0.44172668,3.2764587,8.413223,-1.0328208,-0.073506355,1.2808924,0.0,4
09-30-2019 16:18:41,0.549469,3.3063965,8.5568695,-1.5039104,-0.9509058,0.047730446,0.0,4
09-30-2019 16:18:41,0.68115234,3.1998444,8.617935,-0.09286183,-1.0959268,0.31821108,0.0,4
09-30-2019 16:18:41,0.74339294,3.111267,8.789108,0.015794277,-1.2054033,1.079668,0.0,4
09-30-2019 16:18:41,0.6141052,3.2201996,8.633484,1.236933,-1.8683925,1.8912582,0.0,4
09-30-2019 16:18:41,0.45968628,3.3746338,8.413223,0.80902994,-1.5139093,-0.6658497,0.0,4
09-30-2019 16:18:41,0.3866577,3.4847565,8.534134,-0.6945186,1.4462872,1.4962473,0.0,4
09-30-2019 16:18:41,0.49320984,3.4428558,8.746017,-0.0008788109,-0.16182232,-0.571846,0.0,4
09-30-2019 16:18:41,0.5710144,3.3806152,8.462311,-0.13085961,-1.1023221,0.34064865,0.0,4
09-30-2019 16:18:41,0.6296692,3.3470917,8.124725,-0.25049078,-0.032888174,0.005867958,0.0,4
09-30-2019 16:18:41,0.48960876,3.4572296,8.258804,0.104647666,-0.6629839,0.97945786,0.0,4
09-30-2019 16:18:41,0.375885,3.5565796,8.522156,-0.07803118,-1.562818,0.81435776,0.0,4
09-30-2019 16:18:41,0.43933105,3.4955292,8.325836,-0.1974797,-0.74547267,-0.25138474,0.0,4
09-30-2019 16:18:41,0.5961609,3.3985748,8.161835,-1.5243666,0.035425663,0.78226376,0.0,4
09-30-2019 16:18:41,0.5674286,3.4596252,8.240845,-0.54018956,-0.55494845,2.711444,0.0,4
09-30-2019 16:18:41,0.45610046,3.5146942,8.416809,-0.5499432,-0.21088004,0.28640556,0.0,4
09-30-2019 16:18:41,0.36990356,3.509903,8.364151,0.34818178,-0.7955401,-0.5604286,0.0,4
09-30-2019 16:18:41,0.39144897,3.5314484,8.459915,2.4155102,-1.535888,-0.64099264,0.0,4
09-30-2019 16:18:41,0.43693542,3.5206757,8.620331,1.800204,0.34413648,0.6498623,0.0,4
09-30-2019 16:18:41,0.47764587,3.463211,8.549698,-0.53946006,-1.0398943,1.204196,0.0,4
09-30-2019 16:18:41,0.39863586,3.5003204,8.483856,-1.4433362,-1.2329819,-0.47380066,0.0,4
09-30-2019 16:18:41,0.31962585,3.6870728,8.344986,-1.7125629,0.037234545,0.7579403,0.0,4
09-30-2019 16:18:41,0.43455505,3.7265778,8.20134,-1.058136,-0.38300252,-0.13999176,0.0,4
09-30-2019 16:18:41,0.33518982,3.715805,8.328232,-0.84365034,0.47051167,-0.27583122,0.0,4
09-30-2019 16:18:41,0.19992065,3.7014313,8.562866,-0.6024154,0.20262504,-0.19517899,0.0,4
09-30-2019 16:18:41,0.30166626,3.6846771,8.711304,-0.5578465,0.10575986,0.20722866,0.0,4
09-30-2019 16:18:41,0.46687317,3.6750946,8.589203,-0.13815364,-0.4236505,-0.3685112,0.0,4
09-30-2019 16:18:41,0.4584961,3.6583405,8.465897,-0.23827684,0.8524282,-0.0147686,0.0,4
09-30-2019 16:18:41,0.3148346,3.7325592,8.422806,0.103099346,-0.05114913,-0.21880531,0.0,4
09-30-2019 16:18:41,0.2669525,3.8199463,8.324646,0.11808798,0.9395318,-0.15420723,0.0,4
09-30-2019 16:18:41,0.40222168,3.703827,8.163025,0.5007614,1.0337543,-0.19253063,0.0,4
09-30-2019 16:18:41,0.53630066,3.667923,8.009796,-0.2559201,0.54782605,0.7069063,0.0,4
09-30-2019 16:18:41,0.57341003,3.7014313,8.055298,-1.224328,-1.3789523,-0.20747375,0.0,4
09-30-2019 16:18:41,0.4920044,3.688263,8.238449,0.057869434,-0.7157104,-1.2296638,0.0,4
09-30-2019 16:18:41,0.36990356,3.7409363,8.488647,-0.85852313,0.99822736,1.0868177,0.0,4
09-30-2019 16:18:41,0.32920837,3.8175507,8.511383,-1.0021541,0.0437963,0.23032951,0.0,4
09-30-2019 16:18:41,0.3651123,3.9432526,8.24324,0.69782853,-1.1184413,-0.39906406,0.0,4
09-30-2019 16:18:41,0.4800415,4.071335,7.94635,-0.018295698,0.30138803,-0.24598217,0.0,4
09-30-2019 16:18:41,0.5961609,4.0102844,7.973892,-1.0577981,-0.03482628,2.4900885,0.0,4
09-30-2019 16:18:41,0.49560547,3.9540253,8.335419,-1.130956,-1.5552964,-2.3733778,0.0,4
09-30-2019 16:18:41,0.27293396,4.076126,8.671799,0.09421602,0.61055136,0.86383057,0.0,4
09-30-2019 16:18:41,0.37348938,4.079727,8.450333,0.35009393,-1.1533022,2.0276365,0.0,4
09-30-2019 16:18:41,0.54707336,3.9276886,8.015793,-0.24365109,-1.6320705,-0.9499645,0.0,4
09-30-2019 16:18:41,0.35194397,3.973175,7.9116364,0.229638,0.14738083,-0.82887554,0.0,4
09-30-2019 16:18:41,0.21308899,4.084503,8.020569,0.55222213,0.34558678,1.0165396,0.0,4
09-30-2019 16:18:41,0.45010376,3.9839478,8.099579,-1.6036432,-1.6892371,0.8574896,0.0,4
09-30-2019 16:18:41,0.60214233,3.8666382,8.166626,-1.0901934,0.11795092,-0.02433014,0.0,4
09-30-2019 16:18:42,0.59376526,3.4488525,8.209717,-0.006762862,-0.025927544,-0.03375435,0.3,4
09-30-2019 16:18:42,0.71347046,3.344696,8.171417,0.016054094,0.00063943863,-0.0049180984,0.0,4
09-30-2019 16:18:42,0.5051727,3.4284973,8.298309,-0.043259203,-0.016011238,0.016494751,0.0,4
09-30-2019 16:18:42,0.43574524,3.4296875,8.256409,-7.6144934e-05,0.019265652,0.012303352,0.0,4
09-30-2019 16:18:42,0.6464386,3.3171692,8.329422,0.0056746006,0.041874886,-0.055823326,0.0,4
09-30-2019 16:18:42,0.63087463,3.3554688,8.514984,-0.050136805,0.10221815,-0.04021454,0.0,4
09-30-2019 16:18:42,0.35794067,3.6200256,8.632294,0.026211381,0.08157539,-0.0781641,0.0,4
09-30-2019 16:18:42,0.23703003,3.7193909,8.742432,-0.02587074,0.030167341,-0.029176712,0.0,4
09-30-2019 16:18:42,0.375885,3.6008759,8.688553,-0.009008288,0.03625965,-0.008711815,0.0,4
09-30-2019 16:18:42,0.5051727,3.454834,8.611938,-0.010543644,0.012238264,-0.009304047,0.0,4
09-30-2019 16:18:42,0.47644043,3.4512482,8.520966,0.0043156147,-0.0045936108,0.0065546036,0.0,4
09-30-2019 16:18:42,0.3531494,3.4667969,8.516174,0.022605121,0.00244236,0.02805996,0.0,4
09-30-2019 16:18:42,0.3902588,3.3985748,8.668213,-0.0715428,0.08795571,-0.06770229,0.0,4
09-30-2019 16:18:42,0.60453796,3.2237854,8.51738,-0.18255895,0.06706905,-0.012032509,0.0,4
09-30-2019 16:18:42,0.57341003,3.147171,8.289917,0.21984375,-0.47083473,0.13741636,0.0,4
09-30-2019 16:18:42,0.44172668,3.2764587,8.413223,-1.0328208,-0.073506355,1.2808924,0.0,4
09-30-2019 16:18:42,0.549469,3.3063965,8.5568695,-1.5039104,-0.9509058,0.047730446,0.0,4
09-30-2019 16:18:42,0.68115234,3.1998444,8.617935,-0.09286183,-1.0959268,0.31821108,0.0,4
09-30-2019 16:18:42,0.74339294,3.111267,8.789108,0.015794277,-1.2054033,1.079668,0.0,4
09-30-2019 16:18:42,0.6141052,3.2201996,8.633484,1.236933,-1.8683925,1.8912582,0.0,4
09-30-2019 16:18:42,0.45968628,3.3746338,8.413223,0.80902994,-1.5139093,-0.6658497,0.0,4
09-30-2019 16:18:42,0.3866577,3.4847565,8.534134,-0.6945186,1.4462872,1.4962473,0.0,4
09-30-2019 16:18:42,0.49320984,3.4428558,8.746017,-0.0008788109,-0.16182232,-0.571846,0.0,4
09-30-2019 16:18:42,0.5710144,3.3806152,8.462311,-0.13085961,-1.1023221,0.34064865,0.0,4
09-30-2019 16:18:42,0.6296692,3.3470917,8.124725,-0.25049078,-0.032888174,0.005867958,0.0,4
09-30-2019 16:18:42,0.48960876,3.4572296,8.258804,0.104647666,-0.6629839,0.97945786,0.0,4
09-30-2019 16:18:42,0.375885,3.5565796,8.522156,-0.07803118,-1.562818,0.81435776,0.0,4
09-30-2019 16:18:42,0.43933105,3.4955292,8.325836,-0.1974797,-0.74547267,-0.25138474,0.0,4
09-30-2019 16:18:42,0.5961609,3.3985748,8.161835,-1.5243666,0.035425663,0.78226376,0.0,4
09-30-2019 16:18:42,0.5674286,3.4596252,8.240845,-0.54018956,-0.55494845,2.711444,0.0,4
09-30-2019 16:18:42,0.45610046,3.5146942,8.416809,-0.5499432,-0.21088004,0.28640556,0.0,4
09-30-2019 16:18:42,0.36990356,3.509903,8.364151,0.34818178,-0.7955401,-0.5604286,0.0,4
09-30-2019 16:18:42,0.39144897,3.5314484,8.459915,2.4155102,-1.535888,-0.64099264,0.0,4
09-30-2019 16:18:42,0.43693542,3.5206757,8.620331,1.800204,0.34413648,0.6498623,0.0,4
09-30-2019 16:18:42,0.47764587,3.463211,8.549698,-0.53946006,-1.0398943,1.204196,0.0,4
09-30-2019 16:18:42,0.39863586,3.5003204,8.483856,-1.4433362,-1.2329819,-0.47380066,0.0,4
09-30-2019 16:18:42,0.31962585,3.6870728,8.344986,-1.7125629,0.037234545,0.7579403,0.0,4
09-30-2019 16:18:42,0.43455505,3.7265778,8.20134,-1.058136,-0.38300252,-0.13999176,0.0,4
09-30-2019 16:18:42,0.33518982,3.715805,8.328232,-0.84365034,0.47051167,-0.27583122,0.0,4
09-30-2019 16:18:42,0.19992065,3.7014313,8.562866,-0.6024154,0.20262504,-0.19517899,0.0,4
09-30-2019 16:18:42,0.30166626,3.6846771,8.711304,-0.5578465,0.10575986,0.20722866,0.0,4
09-30-2019 16:18:42,0.46687317,3.6750946,8.589203,-0.13815364,-0.4236505,-0.3685112,0.0,4
09-30-2019 16:18:42,0.4584961,3.6583405,8.465897,-0.23827684,0.8524282,-0.0147686,0.0,4
09-30-2019 16:18:42,0.3148346,3.7325592,8.422806,0.103099346,-0.05114913,-0.21880531,0.0,4
09-30-2019 16:18:42,0.2669525,3.8199463,8.324646,0.11808798,0.9395318,-0.15420723,0.0,4
09-30-2019 16:18:42,0.40222168,3.703827,8.163025,0.5007614,1.0337543,-0.19253063,0.0,4
09-30-2019 16:18:42,0.53630066,3.667923,8.009796,-0.2559201,0.54782605,0.7069063,0.0,4
09-30-2019 16:18:42,0.57341003,3.7014313,8.055298,-1.224328,-1.3789523,-0.20747375,0.0,4
09-30-2019 16:18:42,0.4920044,3.688263,8.238449,0.057869434,-0.7157104,-1.2296638,0.0,4
09-30-2019 16:18:42,0.36990356,3.7409363,8.488647,-0.85852313,0.99822736,1.0868177,0.0,4
09-30-2019 16:18:42,0.32920837,3.8175507,8.511383,-1.0021541,0.0437963,0.23032951,0.0,4
09-30-2019 16:18:42,0.3651123,3.9432526,8.24324,0.69782853,-1.1184413,-0.39906406,0.0,4
09-30-2019 16:18:42,0.4800415,4.071335,7.94635,-0.018295698,0.30138803,-0.24598217,0.0,4
09-30-2019 16:18:42,0.5961609,4.0102844,7.973892,-1.0577981,-0.03482628,2.4900885,0.0,4
09-30-2019 16:18:42,0.49560547,3.9540253,8.335419,-1.130956,-1.5552964,-2.3733778,0.0,4
09-30-2019 16:18:42,0.27293396,4.076126,8.671799,0.09421602,0.61055136,0.86383057,0.0,4
09-30-2019 16:18:42,0.37348938,4.079727,8.450333,0.35009393,-1.1533022,2.0276365,0.0,4
09-30-2019 16:18:42,0.54707336,3.9276886,8.015793,-0.24365109,-1.6320705,-0.9499645,0.0,4
09-30-2019 16:18:42,0.35194397,3.973175,7.9116364,0.229638,0.14738083,-0.82887554,0.0,4
09-30-2019 16:18:42,0.21308899,4.084503,8.020569,0.55222213,0.34558678,1.0165396,0.0,4
09-30-2019 16:18:42,0.45010376,3.9839478,8.099579,-1.6036432,-1.6892371,0.8574896,0.0,4
09-30-2019 16:18:42,0.60214233,3.8666382,8.166626,-1.0901934,0.11795092,-0.02433014,0.0,4
09-30-2019 16:18:42,0.46687317,3.937271,8.337814,0.4340651,-0.27115154,0.45007324,0.0,4
09-30-2019 16:18:42,0.37469482,4.021057,8.24324,-0.22872114,-1.3278832,2.0661154,0.0,4
09-30-2019 16:18:42,0.41059875,4.0390167,8.1809845,-0.95315886,-0.789186,0.22187614,0.0,4
09-30-2019 16:18:42,0.48362732,3.9612122,8.175003,-0.121650696,-2.041935,-0.9131875,0.0,4
09-30-2019 16:18:42,0.61531067,3.8845978,8.0816345,0.056005955,-0.8666544,-0.9914808,0.0,4
09-30-2019 16:18:42,0.52433777,3.9504395,8.169022,0.30350304,-1.3602448,-2.7505007,0.0,4
09-30-2019 16:18:42,0.36631775,4.0785217,8.313858,-0.6507809,0.88059914,3.6668987,0.0,4
09-30-2019 16:18:42,0.37469482,4.0976715,8.303085,-0.11357391,-0.6971105,3.055544,0.0,4
09-30-2019 16:18:42,0.40821838,4.059372,8.292313,0.45977843,-0.3987583,-1.1553335,0.0,4
09-30-2019 16:18:42,0.33877563,4.100067,8.367737,0.4554255,-0.5660296,-0.16217232,0.0,4
09-30-2019 16:18:42,0.38426208,4.1359863,8.204926,-1.7505131,-1.0420383,3.898611,0.0,4
09-30-2019 16:18:42,0.50038147,4.043808,8.037338,-1.9093579,-2.5256877,-1.2600946,0.0,4
09-30-2019 16:18:42,0.5279236,3.9624023,8.00502,0.05322361,-0.30582047,-2.3728743,0.0,4
09-30-2019 16:18:42,0.40821838,4.0569763,8.269577,1.7495476,-0.9854541,1.9603081,0.0,4
09-30-2019 16:18:42,0.4010315,4.0462036,8.283936,1.5392913,-2.012646,-0.34013462,0.0,4
09-30-2019 16:18:45,0.59376526,3.4488525,8.209717,-0.006762862,-0.025927544,-0.03375435,0.3,3
09-30-2019 16:18:45,0.71347046,3.344696,8.171417,0.016054094,0.00063943863,-0.0049180984,0.0,3
09-30-2019 16:18:45,0.5051727,3.4284973,8.298309,-0.043259203,-0.016011238,0.016494751,0.0,3
09-30-2019 16:18:45,0.43574524,3.4296875,8.256409,-7.6144934e-05,0.019265652,0.012303352,0.0,3
09-30-2019 16:18:45,0.6464386,3.3171692,8.329422,0.0056746006,0.041874886,-0.055823326,0.0,3
09-30-2019 16:18:45,0.63087463,3.3554688,8.514984,-0.050136805,0.10221815,-0.04021454,0.0,3
09-30-2019 16:18:45,0.35794067,3.6200256,8.632294,0.026211381,0.08157539,-0.0781641,0.0,3
09-30-2019 16:18:45,0.23703003,3.7193909,8.742432,-0.02587074,0.030167341,-0.029176712,0.0,3
09-30-2019 16:18:45,0.375885,3.6008759,8.688553,-0.009008288,0.03625965,-0.008711815,0.0,3
09-30-2019 16:18:45,0.5051727,3.454834,8.611938,-0.010543644,0.012238264,-0.009304047,0.0,3
09-30-2019 16:18:45,0.47644043,3.4512482,8.520966,0.0043156147,-0.0045936108,0.0065546036,0.0,3
09-30-2019 16:18:45,0.3531494,3.4667969,8.516174,0.022605121,0.00244236,0.02805996,0.0,3
09-30-2019 16:18:45,0.3902588,3.3985748,8.668213,-0.0715428,0.08795571,-0.06770229,0.0,3
09-30-2019 16:18:45,0.60453796,3.2237854,8.51738,-0.18255895,0.06706905,-0.012032509,0.0,3
09-30-2019 16:18:45,0.57341003,3.147171,8.289917,0.21984375,-0.47083473,0.13741636,0.0,3
09-30-2019 16:18:45,0.44172668,3.2764587,8.413223,-1.0328208,-0.073506355,1.2808924,0.0,3
09-30-2019 16:18:45,0.549469,3.3063965,8.5568695,-1.5039104,-0.9509058,0.047730446,0.0,3
09-30-2019 16:18:45,0.68115234,3.1998444,8.617935,-0.09286183,-1.0959268,0.31821108,0.0,3
09-30-2019 16:18:45,0.74339294,3.111267,8.789108,0.015794277,-1.2054033,1.079668,0.0,3
09-30-2019 16:18:45,0.6141052,3.2201996,8.633484,1.236933,-1.8683925,1.8912582,0.0,3
09-30-2019 16:18:45,0.45968628,3.3746338,8.413223,0.80902994,-1.5139093,-0.6658497,0.0,3
09-30-2019 16:18:45,0.3866577,3.4847565,8.534134,-0.6945186,1.4462872,1.4962473,0.0,3
09-30-2019 16:18:45,0.49320984,3.4428558,8.746017,-0.0008788109,-0.16182232,-0.571846,0.0,3
09-30-2019 16:18:45,0.5710144,3.3806152,8.462311,-0.13085961,-1.1023221,0.34064865,0.0,3
09-30-2019 16:18:45,0.6296692,3.3470917,8.124725,-0.25049078,-0.032888174,0.005867958,0.0,3
09-30-2019 16:18:45,0.48960876,3.4572296,8.258804,0.104647666,-0.6629839,0.97945786,0.0,3
09-30-2019 16:18:45,0.375885,3.5565796,8.522156,-0.07803118,-1.562818,0.81435776,0.0,3
09-30-2019 16:18:45,0.43933105,3.4955292,8.325836,-0.1974797,-0.74547267,-0.25138474,0.0,3
09-30-2019 16:18:45,0.5961609,3.3985748,8.161835,-1.5243666,0.035425663,0.78226376,0.0,3
09-30-2019 16:18:45,0.5674286,3.4596252,8.240845,-0.54018956,-0.55494845,2.711444,0.0,3
09-30-2019 16:18:45,0.45610046,3.5146942,8.416809,-0.5499432,-0.21088004,0.28640556,0.0,3
09-30-2019 16:18:45,0.36990356,3.509903,8.364151,0.34818178,-0.7955401,-0.5604286,0.0,3
09-30-2019 16:18:45,0.39144897,3.5314484,8.459915,2.4155102,-1.535888,-0.64099264,0.0,3
09-30-2019 16:18:45,0.43693542,3.5206757,8.620331,1.800204,0.34413648,0.6498623,0.0,3
09-30-2019 16:18:45,0.47764587,3.463211,8.549698,-0.53946006,-1.0398943,1.204196,0.0,3
09-30-2019 16:18:45,0.39863586,3.5003204,8.483856,-1.4433362,-1.2329819,-0.47380066,0.0,3
09-30-2019 16:18:45,0.31962585,3.6870728,8.344986,-1.7125629,0.037234545,0.7579403,0.0,3
09-30-2019 16:18:45,0.43455505,3.7265778,8.20134,-1.058136,-0.38300252,-0.13999176,0.0,3
09-30-2019 16:18:45,0.33518982,3.715805,8.328232,-0.84365034,0.47051167,-0.27583122,0.0,3
09-30-2019 16:18:45,0.19992065,3.7014313,8.562866,-0.6024154,0.20262504,-0.19517899,0.0,3
09-30-2019 16:18:45,0.30166626,3.6846771,8.711304,-0.5578465,0.10575986,0.20722866,0.0,3
09-30-2019 16:18:45,0.46687317,3.6750946,8.589203,-0.13815364,-0.4236505,-0.3685112,0.0,3
09-30-2019 16:18:45,0.4584961,3.6583405,8.465897,-0.23827684,0.8524282,-0.0147686,0.0,3
09-30-2019 16:18:45,0.3148346,3.7325592,8.422806,0.103099346,-0.05114913,-0.21880531,0.0,3
09-30-2019 16:18:45,0.2669525,3.8199463,8.324646,0.11808798,0.9395318,-0.15420723,0.0,3
09-30-2019 16:18:45,0.40222168,3.703827,8.163025,0.5007614,1.0337543,-0.19253063,0.0,3
09-30-2019 16:18:45,0.53630066,3.667923,8.009796,-0.2559201,0.54782605,0.7069063,0.0,3
09-30-2019 16:18:45,0.57341003,3.7014313,8.055298,-1.224328,-1.3789523,-0.20747375,0.0,3
09-30-2019 16:18:45,0.4920044,3.688263,8.238449,0.057869434,-0.7157104,-1.2296638,0.0,3
09-30-2019 16:18:45,0.36990356,3.7409363,8.488647,-0.85852313,0.99822736,1.0868177,0.0,3
09-30-2019 16:18:45,0.32920837,3.8175507,8.511383,-1.0021541,0.0437963,0.23032951,0.0,3
09-30-2019 16:18:45,0.3651123,3.9432526,8.24324,0.69782853,-1.1184413,-0.39906406,0.0,3
09-30-2019 16:18:45,0.4800415,4.071335,7.94635,-0.018295698,0.30138803,-0.24598217,0.0,3
09-30-2019 16:18:45,0.5961609,4.0102844,7.973892,-1.0577981,-0.03482628,2.4900885,0.0,3
09-30-2019 16:18:45,0.49560547,3.9540253,8.335419,-1.130956,-1.5552964,-2.3733778,0.0,3
09-30-2019 16:18:45,0.27293396,4.076126,8.671799,0.09421602,0.61055136,0.86383057,0.0,3
09-30-2019 16:18:45,0.37348938,4.079727,8.450333,0.35009393,-1.1533022,2.0276365,0.0,3
09-30-2019 16:18:45,0.54707336,3.9276886,8.015793,-0.24365109,-1.6320705,-0.9499645,0.0,3
09-30-2019 16:18:45,0.35194397,3.973175,7.9116364,0.229638,0.14738083,-0.82887554,0.0,3
09-30-2019 16:18:45,0.21308899,4.084503,8.020569,0.55222213,0.34558678,1.0165396,0.0,3
09-30-2019 16:18:45,0.45010376,3.9839478,8.099579,-1.6036432,-1.6892371,0.8574896,0.0,3
09-30-2019 16:18:45,0.60214233,3.8666382,8.166626,-1.0901934,0.11795092,-0.02433014,0.0,3
09-30-2019 16:18:45,0.46687317,3.937271,8.337814,0.4340651,-0.27115154,0.45007324,0.0,3
09-30-2019 16:18:45,0.37469482,4.021057,8.24324,-0.22872114,-1.3278832,2.0661154,0.0,3
09-30-2019 16:18:45,0.41059875,4.0390167,8.1809845,-0.95315886,-0.789186,0.22187614,0.0,3
09-30-2019 16:18:45,0.48362732,3.9612122,8.175003,-0.121650696,-2.041935,-0.9131875,0.0,3
09-30-2019 16:18:45,0.61531067,3.8845978,8.0816345,0.056005955,-0.8666544,-0.9914808,0.0,3
09-30-2019 16:18:45,0.52433777,3.9504395,8.169022,0.30350304,-1.3602448,-2.7505007,0.0,3
09-30-2019 16:18:45,0.36631775,4.0785217,8.313858,-0.6507809,0.88059914,3.6668987,0.0,3
09-30-2019 16:18:45,0.37469482,4.0976715,8.303085,-0.11357391,-0.6971105,3.055544,0.0,3
09-30-2019 16:18:45,0.40821838,4.059372,8.292313,0.45977843,-0.3987583,-1.1553335,0.0,3
09-30-2019 16:18:45,0.33877563,4.100067,8.367737,0.4554255,-0.5660296,-0.16217232,0.0,3
09-30-2019 16:18:45,0.38426208,4.1359863,8.204926,-1.7505131,-1.0420383,3.898611,0.0,3
09-30-2019 16:18:45,0.50038147,4.043808,8.037338,-1.9093579,-2.5256877,-1.2600946,0.0,3
09-30-2019 16:18:45,0.5279236,3.9624023,8.00502,0.05322361,-0.30582047,-2.3728743,0.0,3
09-30-2019 16:18:45,0.40821838,4.0569763,8.269577,1.7495476,-0.9854541,1.9603081,0.0,3
09-30-2019 16:18:45,0.4010315,4.0462036,8.283936,1.5392913,-2.012646,-0.34013462,0.0,3
09-30-2019 16:18:45,0.549469,3.9456482,8.106766,-1.3947759,0.8455212,0.074830055,0.0,3
09-30-2019 16:18:45,0.6356659,3.8798065,8.088806,-0.14223969,0.0018126965,1.1537666,0.0,3
09-30-2019 16:18:45,0.5015869,3.9205017,8.28154,-0.1843074,-2.5356114,-0.68409157,0.0,3
09-30-2019 16:18:45,0.5279236,3.9528198,8.270767,0.48369944,2.1887965,0.1437645,0.0,3
09-30-2019 16:18:45,0.6201019,3.901352,8.186966,-1.3693492,-0.76147294,1.1835537,0.0,3
09-30-2019 16:18:45,0.6380615,3.9037476,8.040924,0.6388751,-1.0201249,-2.9618187,0.0,3
09-30-2019 16:18:45,0.58418274,3.949234,7.967911,-1.322619,1.5717906,0.58692837,0.0,3
09-30-2019 16:18:45,0.47764587,3.9983215,7.9643097,-1.3356667,0.2380997,2.5058422,0.0,3
09-30-2019 16:18:45,0.3423767,4.066559,8.013397,-0.4405619,-3.174526,2.7072458,0.0,3
09-30-2019 16:18:45,0.3830719,3.9875488,8.32225,-0.018815994,-2.5516672,-0.84534264,0.0,3
09-30-2019 16:18:45,0.44651794,3.8881836,8.403641,0.77616715,-0.56899405,0.9779959,0.0,3
09-30-2019 16:18:45,0.43215942,4.0186615,8.346191,0.78455526,0.15343714,-0.58657837,0.0,3
09-30-2019 16:18:45,0.41778564,4.079727,8.406036,0.44917852,-0.68097115,-1.688518,0.0,3
09-30-2019 16:18:45,0.4632721,3.9695892,8.455124,-0.2682042,-0.69706035,-0.17638016,0.0,3
09-30-2019 16:18:45,0.5135498,3.8714294,8.3390045,-0.6965687,0.5191076,2.0404196,0.0,3
09-30-2019 16:18:48,0.59376526,3.4488525,8.209717,-0.006762862,-0.025927544,-0.03375435,0.3,2
09-30-2019 16:18:48,0.71347046,3.344696,8.171417,0.016054094,0.00063943863,-0.0049180984,0.0,2
09-30-2019 16:18:48,0.5051727,3.4284973,8.298309,-0.043259203,-0.016011238,0.016494751,0.0,2
09-30-2019 16:18:48,0.43574524,3.4296875,8.256409,-7.6144934e-05,0.019265652,0.012303352,0.0,2
09-30-2019 16:18:48,0.6464386,3.3171692,8.329422,0.0056746006,0.041874886,-0.055823326,0.0,2
09-30-2019 16:18:48,0.63087463,3.3554688,8.514984,-0.050136805,0.10221815,-0.04021454,0.0,2
09-30-2019 16:18:48,0.35794067,3.6200256,8.632294,0.026211381,0.08157539,-0.0781641,0.0,2
09-30-2019 16:18:48,0.23703003,3.7193909,8.742432,-0.02587074,0.030167341,-0.029176712,0.0,2
09-30-2019 16:18:48,0.375885,3.6008759,8.688553,-0.009008288,0.03625965,-0.008711815,0.0,2
09-30-2019 16:18:48,0.5051727,3.454834,8.611938,-0.010543644,0.012238264,-0.009304047,0.0,2
09-30-2019 16:18:48,0.47644043,3.4512482,8.520966,0.0043156147,-0.0045936108,0.0065546036,0.0,2
09-30-2019 16:18:48,0.3531494,3.4667969,8.516174,0.022605121,0.00244236,0.02805996,0.0,2
09-30-2019 16:18:48,0.3902588,3.3985748,8.668213,-0.0715428,0.08795571,-0.06770229,0.0,2
09-30-2019 16:18:48,0.60453796,3.2237854,8.51738,-0.18255895,0.06706905,-0.012032509,0.0,2
09-30-2019 16:18:48,0.57341003,3.147171,8.289917,0.21984375,-0.47083473,0.13741636,0.0,2
09-30-2019 16:18:48,0.44172668,3.2764587,8.413223,-1.0328208,-0.073506355,1.2808924,0.0,2
09-30-2019 16:18:48,0.549469,3.3063965,8.5568695,-1.5039104,-0.9509058,0.047730446,0.0,2
09-30-2019 16:18:48,0.68115234,3.1998444,8.617935,-0.09286183,-1.0959268,0.31821108,0.0,2
09-30-2019 16:18:48,0.74339294,3.111267,8.789108,0.015794277,-1.2054033,1.079668,0.0,2
09-30-2019 16:18:48,0.6141052,3.2201996,8.633484,1.236933,-1.8683925,1.8912582,0.0,2
09-30-2019 16:18:48,0.45968628,3.3746338,8.413223,0.80902994,-1.5139093,-0.6658497,0.0,2
09-30-2019 16:18:48,0.3866577,3.4847565,8.534134,-0.6945186,1.4462872,1.4962473,0.0,2
09-30-2019 16:18:48,0.49320984,3.4428558,8.746017,-0.0008788109,-0.16182232,-0.571846,0.0,2
09-30-2019 16:18:48,0.5710144,3.3806152,8.462311,-0.13085961,-1.1023221,0.34064865,0.0,2
09-30-2019 16:18:48,0.6296692,3.3470917,8.124725,-0.25049078,-0.032888174,0.005867958,0.0,2
09-30-2019 16:18:48,0.48960876,3.4572296,8.258804,0.104647666,-0.6629839,0.97945786,0.0,2
09-30-2019 16:18:48,0.375885,3.5565796,8.522156,-0.07803118,-1.562818,0.81435776,0.0,2
09-30-2019 16:18:48,0.43933105,3.4955292,8.325836,-0.1974797,-0.74547267,-0.25138474,0.0,2
09-30-2019 16:18:48,0.5961609,3.3985748,8.161835,-1.5243666,0.035425663,0.78226376,0.0,2
09-30-2019 16:18:48,0.5674286,3.4596252,8.240845,-0.54018956,-0.55494845,2.711444,0.0,2
09-30-2019 16:18:48,0.45610046,3.5146942,8.416809,-0.5499432,-0.21088004,0.28640556,0.0,2
09-30-2019 16:18:48,0.36990356,3.509903,8.364151,0.34818178,-0.7955401,-0.5604286,0.0,2
09-30-2019 16:18:48,0.39144897,3.5314484,8.459915,2.4155102,-1.535888,-0.64099264,0.0,2
09-30-2019 16:18:48,0.43693542,3.5206757,8.620331,1.800204,0.34413648,0.6498623,0.0,2
09-30-2019 16:18:48,0.47764587,3.463211,8.549698,-0.53946006,-1.0398943,1.204196,0.0,2
09-30-2019 16:18:48,0.39863586,3.5003204,8.483856,-1.4433362,-1.2329819,-0.47380066,0.0,2
09-30-2019 16:18:48,0.31962585,3.6870728,8.344986,-1.7125629,0.037234545,0.7579403,0.0,2
09-30-2019 16:18:48,0.43455505,3.7265778,8.20134,-1.058136,-0.38300252,-0.13999176,0.0,2
09-30-2019 16:18:48,0.33518982,3.715805,8.328232,-0.84365034,0.47051167,-0.27583122,0.0,2
09-30-2019 16:18:48,0.19992065,3.7014313,8.562866,-0.6024154,0.20262504,-0.19517899,0.0,2
09-30-2019 16:18:48,0.30166626,3.6846771,8.711304,-0.5578465,0.10575986,0.20722866,0.0,2
09-30-2019 16:18:48,0.46687317,3.6750946,8.589203,-0.13815364,-0.4236505,-0.3685112,0.0,2
09-30-2019 16:18:48,0.4584961,3.6583405,8.465897,-0.23827684,0.8524282,-0.0147686,0.0,2
09-30-2019 16:18:48,0.3148346,3.7325592,8.422806,0.103099346,-0.05114913,-0.21880531,0.0,2
09-30-2019 16:18:48,0.2669525,3.8199463,8.324646,0.11808798,0.9395318,-0.15420723,0.0,2
09-30-2019 16:18:48,0.40222168,3.703827,8.163025,0.5007614,1.0337543,-0.19253063,0.0,2
09-30-2019 16:18:48,0.53630066,3.667923,8.009796,-0.2559201,0.54782605,0.7069063,0.0,2
09-30-2019 16:18:48,0.57341003,3.7014313,8.055298,-1.224328,-1.3789523,-0.20747375,0.0,2
09-30-2019 16:18:48,0.4920044,3.688263,8.238449,0.057869434,-0.7157104,-1.2296638,0.0,2
09-30-2019 16:18:48,0.36990356,3.7409363,8.488647,-0.85852313,0.99822736,1.0868177,0.0,2
09-30-2019 16:18:48,0.32920837,3.8175507,8.511383,-1.0021541,0.0437963,0.23032951,0.0,2
09-30-2019 16:18:48,0.3651123,3.9432526,8.24324,0.69782853,-1.1184413,-0.39906406,0.0,2
09-30-2019 16:18:48,0.4800415,4.071335,7.94635,-0.018295698,0.30138803,-0.24598217,0.0,2
09-30-2019 16:18:48,0.5961609,4.0102844,7.973892,-1.0577981,-0.03482628,2.4900885,0.0,2
09-30-2019 16:18:48,0.49560547,3.9540253,8.335419,-1.130956,-1.5552964,-2.3733778,0.0,2
09-30-2019 16:18:48,0.27293396,4.076126,8.671799,0.09421602,0.61055136,0.86383057,0.0,2
09-30-2019 16:18:48,0.37348938,4.079727,8.450333,0.35009393,-1.1533022,2.0276365,0.0,2
09-30-2019 16:18:48,0.54707336,3.9276886,8.015793,-0.24365109,-1.6320705,-0.9499645,0.0,2
09-30-2019 16:18:48,0.35194397,3.973175,7.9116364,0.229638,0.14738083,-0.82887554,0.0,2
09-30-2019 16:18:48,0.21308899,4.084503,8.020569,0.55222213,0.34558678,1.0165396,0.0,2
09-30-2019 16:18:48,0.45010376,3.9839478,8.099579,-1.6036432,-1.6892371,0.8574896,0.0,2
09-30-2019 16:18:48,0.60214233,3.8666382,8.166626,-1.0901934,0.11795092,-0.02433014,0.0,2
09-30-2019 16:18:48,0.46687317,3.937271,8.337814,0.4340651,-0.27115154,0.45007324,0.0,2
09-30-2019 16:18:48,0.37469482,4.021057,8.24324,-0.22872114,-1.3278832,2.0661154,0.0,2
09-30-2019 16:18:48,0.41059875,4.0390167,8.1809845,-0.95315886,-0.789186,0.22187614,0.0,2
09-30-2019 16:18:48,0.48362732,3.9612122,8.175003,-0.121650696,-2.041935,-0.9131875,0.0,2
09-30-2019 16:18:48,0.61531067,3.8845978,8.0816345,0.056005955,-0.8666544,-0.9914808,0.0,2
09-30-2019 16:18:48,0.52433777,3.9504395,8.169022,0.30350304,-1.3602448,-2.7505007,0.0,2
09-30-2019 16:18:48,0.36631775,4.0785217,8.313858,-0.6507809,0.88059914,3.6668987,0.0,2
09-30-2019 16:18:48,0.37469482,4.0976715,8.303085,-0.11357391,-0.6971105,3.055544,0.0,2
09-30-2019 16:18:48,0.40821838,4.059372,8.292313,0.45977843,-0.3987583,-1.1553335,0.0,2
09-30-2019 16:18:48,0.33877563,4.100067,8.367737,0.4554255,-0.5660296,-0.16217232,0.0,2
09-30-2019 16:18:48,0.38426208,4.1359863,8.204926,-1.7505131,-1.0420383,3.898611,0.0,2
09-30-2019 16:18:48,0.50038147,4.043808,8.037338,-1.9093579,-2.5256877,-1.2600946,0.0,2
09-30-2019 16:18:48,0.5279236,3.9624023,8.00502,0.05322361,-0.30582047,-2.3728743,0.0,2
09-30-2019 16:18:48,0.40821838,4.0569763,8.269577,1.7495476,-0.9854541,1.9603081,0.0,2
09-30-2019 16:18:48,0.4010315,4.0462036,8.283936,1.5392913,-2.012646,-0.34013462,0.0,2
09-30-2019 16:18:48,0.549469,3.9456482,8.106766,-1.3947759,0.8455212,0.074830055,0.0,2
09-30-2019 16:18:48,0.6356659,3.8798065,8.088806,-0.14223969,0.0018126965,1.1537666,0.0,2
09-30-2019 16:18:48,0.5015869,3.9205017,8.28154,-0.1843074,-2.5356114,-0.68409157,0.0,2
09-30-2019 16:18:48,0.5279236,3.9528198,8.270767,0.48369944,2.1887965,0.1437645,0.0,2
09-30-2019 16:18:48,0.6201019,3.901352,8.186966,-1.3693492,-0.76147294,1.1835537,0.0,2
09-30-2019 16:18:48,0.6380615,3.9037476,8.040924,0.6388751,-1.0201249,-2.9618187,0.0,2
09-30-2019 16:18:48,0.58418274,3.949234,7.967911,-1.322619,1.5717906,0.58692837,0.0,2
09-30-2019 16:18:48,0.47764587,3.9983215,7.9643097,-1.3356667,0.2380997,2.5058422,0.0,2
09-30-2019 16:18:48,0.3423767,4.066559,8.013397,-0.4405619,-3.174526,2.7072458,0.0,2
09-30-2019 16:18:48,0.3830719,3.9875488,8.32225,-0.018815994,-2.5516672,-0.84534264,0.0,2
09-30-2019 16:18:48,0.44651794,3.8881836,8.403641,0.77616715,-0.56899405,0.9779959,0.0,2
09-30-2019 16:18:48,0.43215942,4.0186615,8.346191,0.78455526,0.15343714,-0.58657837,0.0,2
09-30-2019 16:18:48,0.41778564,4.079727,8.406036,0.44917852,-0.68097115,-1.688518,0.0,2
09-30-2019 16:18:48,0.4632721,3.9695892,8.455124,-0.2682042,-0.69706035,-0.17638016,0.0,2
09-30-2019 16:18:48,0.5135498,3.8714294,8.3390045,-0.6965687,0.5191076,2.0404196,0.0,2
09-30-2019 16:18:48,0.45610046,3.9312744,8.344986,-0.59453917,-0.4182706,0.45742226,0.0,2
09-30-2019 16:18:48,0.39982605,3.973175,8.3414,0.18775654,-0.5967896,0.9659233,0.0,2
09-30-2019 16:18:48,0.5482788,3.93367,8.060074,-0.44599104,-0.2587011,-1.8817396,0.0,2
09-30-2019 16:18:48,0.56144714,3.861847,7.8841095,-0.9997685,0.11266351,1.080452,0.0,2
09-30-2019 16:18:48,0.48362732,3.901352,7.9487457,-0.5872147,-0.53735876,0.46766376,0.0,2
09-30-2019 16:18:48,0.52194214,3.897766,8.076843,-0.61484945,-1.0783069,-0.23529434,0.0,2
09-30-2019 16:18:48,0.5805969,3.839096,8.230072,-0.03504163,-0.20314837,-0.20572853,0.0,2
09-30-2019 16:18:48,0.61172485,3.8259277,8.28154,1.8404944,0.7086835,-0.18933964,0.0,2
09-30-2019 16:18:48,0.55784607,3.901352,8.226471,1.50631,-1.6816535,2.3072758,0.0,2
09-30-2019 16:18:48,0.48841858,3.9588165,8.2994995,0.64678127,-2.6525896,0.7434101,0.0,2
09-30-2019 16:18:48,0.4632721,3.9264984,8.377319,0.34808317,-0.8332963,-0.07239628,0.0,2
09-30-2019 16:18:48,0.52433777,3.873825,8.252808,0.90368783,0.2992072,0.33711243,0.0,2
09-30-2019 16:18:48,0.47166443,3.8929749,8.234863,-1.3585362,0.21969438,-1.3244276,0.0,2
09-30-2019 16:18:48,0.39144897,3.9432526,8.286331,-0.41724414,0.35109496,1.3678017,0.0,2
09-30-2019 16:18:51,0.59376526,3.4488525,8.209717,-0.006762862,-0.025927544,-0.03375435,0.3,3
09-30-2019 16:18:51,0.71347046,3.344696,8.171417,0.016054094,0.00063943863,-0.0049180984,0.0,3
09-30-2019 16:18:51,0.5051727,3.4284973,8.298309,-0.043259203,-0.016011238,0.016494751,0.0,3
09-30-2019 16:18:51,0.43574524,3.4296875,8.256409,-7.6144934e-05,0.019265652,0.012303352,0.0,3
09-30-2019 16:18:51,0.6464386,3.3171692,8.329422,0.0056746006,0.041874886,-0.055823326,0.0,3
09-30-2019 16:18:51,0.63087463,3.3554688,8.514984,-0.050136805,0.10221815,-0.04021454,0.0,3
09-30-2019 16:18:51,0.35794067,3.6200256,8.632294,0.026211381,0.08157539,-0.0781641,0.0,3
09-30-2019 16:18:51,0.23703003,3.7193909,8.742432,-0.02587074,0.030167341,-0.029176712,0.0,3
09-30-2019 16:18:51,0.375885,3.6008759,8.688553,-0.009008288,0.03625965,-0.008711815,0.0,3
09-30-2019 16:18:51,0.5051727,3.454834,8.611938,-0.010543644,0.012238264,-0.009304047,0.0,3
09-30-2019 16:18:51,0.47644043,3.4512482,8.520966,0.0043156147,-0.0045936108,0.0065546036,0.0,3
09-30-2019 16:18:51,0.3531494,3.4667969,8.516174,0.022605121,0.00244236,0.02805996,0.0,3
09-30-2019 16:18:51,0.3902588,3.3985748,8.668213,-0.0715428,0.08795571,-0.06770229,0.0,3
09-30-2019 16:18:51,0.60453796,3.2237854,8.51738,-0.18255895,0.06706905,-0.012032509,0.0,3
09-30-2019 16:18:51,0.57341003,3.147171,8.289917,0.21984375,-0.47083473,0.13741636,0.0,3
09-30-2019 16:18:51,0.44172668,3.2764587,8.413223,-1.0328208,-0.073506355,1.2808924,0.0,3
09-30-2019 16:18:51,0.549469,3.3063965,8.5568695,-1.5039104,-0.9509058,0.047730446,0.0,3
09-30-2019 16:18:51,0.68115234,3.1998444,8.617935,-0.09286183,-1.0959268,0.31821108,0.0,3
09-30-2019 16:18:51,0.74339294,3.111267,8.789108,0.015794277,-1.2054033,1.079668,0.0,3
09-30-2019 16:18:51,0.6141052,3.2201996,8.633484,1.236933,-1.8683925,1.8912582,0.0,3
09-30-2019 16:18:51,0.45968628,3.3746338,8.413223,0.80902994,-1.5139093,-0.6658497,0.0,3
09-30-2019 16:18:51,0.3866577,3.4847565,8.534134,-0.6945186,1.4462872,1.4962473,0.0,3
09-30-2019 16:18:51,0.49320984,3.4428558,8.746017,-0.0008788109,-0.16182232,-0.571846,0.0,3
09-30-2019 16:18:51,0.5710144,3.3806152,8.462311,-0.13085961,-1.1023221,0.34064865,0.0,3
09-30-2019 16:18:51,0.6296692,3.3470917,8.124725,-0.25049078,-0.032888174,0.005867958,0.0,3
09-30-2019 16:18:51,0.48960876,3.4572296,8.258804,0.104647666,-0.6629839,0.97945786,0.0,3
09-30-2019 16:18:51,0.375885,3.5565796,8.522156,-0.07803118,-1.562818,0.81435776,0.0,3
09-30-2019 16:18:51,0.43933105,3.4955292,8.325836,-0.1974797,-0.74547267,-0.25138474,0.0,3
09-30-2019 16:18:51,0.5961609,3.3985748,8.161835,-1.5243666,0.035425663,0.78226376,0.0,3
09-30-2019 16:18:51,0.5674286,3.4596252,8.240845,-0.54018956,-0.55494845,2.711444,0.0,3
09-30-2019 16:18:51,0.45610046,3.5146942,8.416809,-0.5499432,-0.21088004,0.28640556,0.0,3
09-30-2019 16:18:51,0.36990356,3.509903,8.364151,0.34818178,-0.7955401,-0.5604286,0.0,3
09-30-2019 16:18:51,0.39144897,3.5314484,8.459915,2.4155102,-1.535888,-0.64099264,0.0,3
09-30-2019 16:18:51,0.43693542,3.5206757,8.620331,1.800204,0.34413648,0.6498623,0.0,3
09-30-2019 16:18:51,0.47764587,3.463211,8.549698,-0.53946006,-1.0398943,1.204196,0.0,3
09-30-2019 16:18:51,0.39863586,3.5003204,8.483856,-1.4433362,-1.2329819,-0.47380066,0.0,3
09-30-2019 16:18:51,0.31962585,3.6870728,8.344986,-1.7125629,0.037234545,0.7579403,0.0,3
09-30-2019 16:18:51,0.43455505,3.7265778,8.20134,-1.058136,-0.38300252,-0.13999176,0.0,3
09-30-2019 16:18:51,0.33518982,3.715805,8.328232,-0.84365034,0.47051167,-0.27583122,0.0,3
09-30-2019 16:18:51,0.19992065,3.7014313,8.562866,-0.6024154,0.20262504,-0.19517899,0.0,3
09-30-2019 16:18:51,0.30166626,3.6846771,8.711304,-0.5578465,0.10575986,0.20722866,0.0,3
09-30-2019 16:18:51,0.46687317,3.6750946,8.589203,-0.13815364,-0.4236505,-0.3685112,0.0,3
09-30-2019 16:18:51,0.4584961,3.6583405,8.465897,-0.23827684,0.8524282,-0.0147686,0.0,3
09-30-2019 16:18:51,0.3148346,3.7325592,8.422806,0.103099346,-0.05114913,-0.21880531,0.0,3
09-30-2019 16:18:51,0.2669525,3.8199463,8.324646,0.11808798,0.9395318,-0.15420723,0.0,3
09-30-2019 16:18:51,0.40222168,3.703827,8.163025,0.5007614,1.0337543,-0.19253063,0.0,3
09-30-2019 16:18:51,0.53630066,3.667923,8.009796,-0.2559201,0.54782605,0.7069063,0.0,3
09-30-2019 16:18:51,0.57341003,3.7014313,8.055298,-1.224328,-1.3789523,-0.20747375,0.0,3
09-30-2019 16:18:51,0.4920044,3.688263,8.238449,0.057869434,-0.7157104,-1.2296638,0.0,3
09-30-2019 16:18:51,0.36990356,3.7409363,8.488647,-0.85852313,0.99822736,1.0868177,0.0,3
09-30-2019 16:18:51,0.32920837,3.8175507,8.511383,-1.0021541,0.0437963,0.23032951,0.0,3
09-30-2019 16:18:51,0.3651123,3.9432526,8.24324,0.69782853,-1.1184413,-0.39906406,0.0,3
09-30-2019 16:18:51,0.4800415,4.071335,7.94635,-0.018295698,0.30138803,-0.24598217,0.0,3
09-30-2019 16:18:51,0.5961609,4.0102844,7.973892,-1.0577981,-0.03482628,2.4900885,0.0,3
09-30-2019 16:18:51,0.49560547,3.9540253,8.335419,-1.130956,-1.5552964,-2.3733778,0.0,3
09-30-2019 16:18:51,0.27293396,4.076126,8.671799,0.09421602,0.61055136,0.86383057,0.0,3
09-30-2019 16:18:51,0.37348938,4.079727,8.450333,0.35009393,-1.1533022,2.0276365,0.0,3
09-30-2019 16:18:51,0.54707336,3.9276886,8.015793,-0.24365109,-1.6320705,-0.9499645,0.0,3
09-30-2019 16:18:51,0.35194397,3.973175,7.9116364,0.229638,0.14738083,-0.82887554,0.0,3
09-30-2019 16:18:51,0.21308899,4.084503,8.020569,0.55222213,0.34558678,1.0165396,0.0,3
09-30-2019 16:18:51,0.45010376,3.9839478,8.099579,-1.6036432,-1.6892371,0.8574896,0.0,3
09-30-2019 16:18:51,0.60214233,3.8666382,8.166626,-1.0901934,0.11795092,-0.02433014,0.0,3
09-30-2019 16:18:51,0.46687317,3.937271,8.337814,0.4340651,-0.27115154,0.45007324,0.0,3
09-30-2019 16:18:51,0.37469482,4.021057,8.24324,-0.22872114,-1.3278832,2.0661154,0.0,3
09-30-2019 16:18:51,0.41059875,4.0390167,8.1809845,-0.95315886,-0.789186,0.22187614,0.0,3
09-30-2019 16:18:51,0.48362732,3.9612122,8.175003,-0.121650696,-2.041935,-0.9131875,0.0,3
09-30-2019 16:18:51,0.61531067,3.8845978,8.0816345,0.056005955,-0.8666544,-0.9914808,0.0,3
09-30-2019 16:18:51,0.52433777,3.9504395,8.169022,0.30350304,-1.3602448,-2.7505007,0.0,3
09-30-2019 16:18:51,0.36631775,4.0785217,8.313858,-0.6507809,0.88059914,3.6668987,0.0,3
09-30-2019 16:18:51,0.37469482,4.0976715,8.303085,-0.11357391,-0.6971105,3.055544,0.0,3
09-30-2019 16:18:51,0.40821838,4.059372,8.292313,0.45977843,-0.3987583,-1.1553335,0.0,3
09-30-2019 16:18:51,0.33877563,4.100067,8.367737,0.4554255,-0.5660296,-0.16217232,0.0,3
09-30-2019 16:18:51,0.38426208,4.1359863,8.204926,-1.7505131,-1.0420383,3.898611,0.0,3
09-30-2019 16:18:51,0.50038147,4.043808,8.037338,-1.9093579,-2.5256877,-1.2600946,0.0,3
09-30-2019 16:18:51,0.5279236,3.9624023,8.00502,0.05322361,-0.30582047,-2.3728743,0.0,3
09-30-2019 16:18:51,0.40821838,4.0569763,8.269577,1.7495476,-0.9854541,1.9603081,0.0,3
09-30-2019 16:18:51,0.4010315,4.0462036,8.283936,1.5392913,-2.012646,-0.34013462,0.0,3
09-30-2019 16:18:51,0.549469,3.9456482,8.106766,-1.3947759,0.8455212,0.074830055,0.0,3
09-30-2019 16:18:51,0.6356659,3.8798065,8.088806,-0.14223969,0.0018126965,1.1537666,0.0,3
09-30-2019 16:18:51,0.5015869,3.9205017,8.28154,-0.1843074,-2.5356114,-0.68409157,0.0,3
09-30-2019 16:18:51,0.5279236,3.9528198,8.270767,0.48369944,2.1887965,0.1437645,0.0,3
09-30-2019 16:18:51,0.6201019,3.901352,8.186966,-1.3693492,-0.76147294,1.1835537,0.0,3
09-30-2019 16:18:51,0.6380615,3.9037476,8.040924,0.6388751,-1.0201249,-2.9618187,0.0,3
09-30-2019 16:18:51,0.58418274,3.949234,7.967911,-1.322619,1.5717906,0.58692837,0.0,3
09-30-2019 16:18:51,0.47764587,3.9983215,7.9643097,-1.3356667,0.2380997,2.5058422,0.0,3
09-30-2019 16:18:51,0.3423767,4.066559,8.013397,-0.4405619,-3.174526,2.7072458,0.0,3
09-30-2019 16:18:51,0.3830719,3.9875488,8.32225,-0.018815994,-2.5516672,-0.84534264,0.0,3
09-30-2019 16:18:51,0.44651794,3.8881836,8.403641,0.77616715,-0.56899405,0.9779959,0.0,3
09-30-2019 16:18:51,0.43215942,4.0186615,8.346191,0.78455526,0.15343714,-0.58657837,0.0,3
09-30-2019 16:18:51,0.41778564,4.079727,8.406036,0.44917852,-0.68097115,-1.688518,0.0,3
09-30-2019 16:18:51,0.4632721,3.9695892,8.455124,-0.2682042,-0.69706035,-0.17638016,0.0,3
09-30-2019 16:18:51,0.5135498,3.8714294,8.3390045,-0.6965687,0.5191076,2.0404196,0.0,3
09-30-2019 16:18:51,0.45610046,3.9312744,8.344986,-0.59453917,-0.4182706,0.45742226,0.0,3
09-30-2019 16:18:51,0.39982605,3.973175,8.3414,0.18775654,-0.5967896,0.9659233,0.0,3
09-30-2019 16:18:51,0.5482788,3.93367,8.060074,-0.44599104,-0.2587011,-1.8817396,0.0,3
09-30-2019 16:18:51,0.56144714,3.861847,7.8841095,-0.9997685,0.11266351,1.080452,0.0,3
09-30-2019 16:18:51,0.48362732,3.901352,7.9487457,-0.5872147,-0.53735876,0.46766376,0.0,3
09-30-2019 16:18:51,0.52194214,3.897766,8.076843,-0.61484945,-1.0783069,-0.23529434,0.0,3
09-30-2019 16:18:51,0.5805969,3.839096,8.230072,-0.03504163,-0.20314837,-0.20572853,0.0,3
09-30-2019 16:18:51,0.61172485,3.8259277,8.28154,1.8404944,0.7086835,-0.18933964,0.0,3
09-30-2019 16:18:51,0.55784607,3.901352,8.226471,1.50631,-1.6816535,2.3072758,0.0,3
09-30-2019 16:18:51,0.48841858,3.9588165,8.2994995,0.64678127,-2.6525896,0.7434101,0.0,3
09-30-2019 16:18:51,0.4632721,3.9264984,8.377319,0.34808317,-0.8332963,-0.07239628,0.0,3
09-30-2019 16:18:51,0.52433777,3.873825,8.252808,0.90368783,0.2992072,0.33711243,0.0,3
09-30-2019 16:18:51,0.47166443,3.8929749,8.234863,-1.3585362,0.21969438,-1.3244276,0.0,3
09-30-2019 16:18:51,0.39144897,3.9432526,8.286331,-0.41724414,0.35109496,1.3678017,0.0,3
09-30-2019 16:18:51,0.3818817,3.988739,8.173798,-0.23263851,-0.28335094,0.39139652,0.0,3
09-30-2019 16:18:51,0.47166443,3.956421,8.10318,-0.13152492,-0.9783406,0.13248158,0.0,3
09-30-2019 16:18:51,0.5590515,3.8953705,8.179794,0.61581236,-0.23913169,-1.0488806,0.0,3
09-30-2019 16:18:51,0.6093292,3.8558655,8.323441,-0.40399125,0.33015323,-0.24378872,0.0,3
09-30-2019 16:18:51,0.6643982,3.8031921,8.468292,-0.40668786,0.066764355,0.64324,0.0,3
09-30-2019 16:18:51,0.65122986,3.767273,8.429977,-0.9363941,-1.1886597,0.2666855,0.0,3
09-30-2019 16:18:51,0.48483276,3.8678284,8.398865,-0.4827863,-0.31997824,0.4295416,0.0,3
09-30-2019 16:18:51,0.37948608,3.949234,8.34259,-0.53203386,0.23227334,-0.28803062,0.0,3
09-30-2019 16:18:51,0.3866577,3.9659882,8.095993,-0.6691428,-1.3553367,1.3852472,0.0,3
09-30-2019 16:18:51,0.44532776,3.9552155,7.989456,0.6233332,-1.1669724,-0.23777676,0.0,3
09-30-2019 16:18:51,0.5315094,3.9396515,7.993042,0.27804893,-0.7608082,-0.05358219,0.0,3
09-30-2019 16:18:51,0.4812317,3.9624023,8.061279,-0.14974028,-1.2505095,0.6434498,0.0,3
09-30-2019 16:18:51,0.4800415,3.9217072,8.242035,-0.3704303,-1.2394984,0.85617065,0.0,3
09-30-2019 16:18:51,0.55784607,3.85466,8.325836,-1.3288728,-1.0726163,0.207654,0.0,3
09-30-2019 16:18:51,0.66200256,3.815155,8.291122,-1.2724614,-1.3847291,0.47072792,0.0,3
09-30-2019 16:18:51,0.48602295,3.4656067,8.415619,0,0,0,0.4,3
09-30-2019 16:18:51,0.59376526,3.4488525,8.209717,-0.006762862,-0.025927544,-0.03375435,0.3,3
09-30-2019 16:18:51,0.71347046,3.344696,8.171417,0.016054094,0.00063943863,-0.0049180984,0.0,3
09-30-2019 16:18:51,0.5051727,3.4284973,8.298309,-0.043259203,-0.016011238,0.016494751,0.0,3
09-30-2019 16:18:51,0.43574524,3.4296875,8.256409,-7.6144934e-05,0.019265652,0.012303352,0.0,3
09-30-2019 16:18:51,0.6464386,3.3171692,8.329422,0.0056746006,0.041874886,-0.055823326,0.0,3
09-30-2019 16:18:51,0.63087463,3.3554688,8.514984,-0.050136805,0.10221815,-0.04021454,0.0,3
09-30-2019 16:18:51,0.35794067,3.6200256,8.632294,0.026211381,0.08157539,-0.0781641,0.0,3
09-30-2019 16:18:51,0.23703003,3.7193909,8.742432,-0.02587074,0.030167341,-0.029176712,0.0,3
09-30-2019 16:18:51,0.375885,3.6008759,8.688553,-0.009008288,0.03625965,-0.008711815,0.0,3
09-30-2019 16:18:51,0.5051727,3.454834,8.611938,-0.010543644,0.012238264,-0.009304047,0.0,3
09-30-2019 16:18:51,0.47644043,3.4512482,8.520966,0.0043156147,-0.0045936108,0.0065546036,0.0,3
09-30-2019 16:18:51,0.3531494,3.4667969,8.516174,0.022605121,0.00244236,0.02805996,0.0,3
09-30-2019 16:18:51,0.3902588,3.3985748,8.668213,-0.0715428,0.08795571,-0.06770229,0.0,3
09-30-2019 16:18:51,0.60453796,3.2237854,8.51738,-0.18255895,0.06706905,-0.012032509,0.0,3
09-30-2019 16:18:51,0.57341003,3.147171,8.289917,0.21984375,-0.47083473,0.13741636,0.0,3
09-30-2019 16:18:51,0.44172668,3.2764587,8.413223,-1.0328208,-0.073506355,1.2808924,0.0,3
09-30-2019 16:18:51,0.549469,3.3063965,8.5568695,-1.5039104,-0.9509058,0.047730446,0.0,3
09-30-2019 16:18:51,0.68115234,3.1998444,8.617935,-0.09286183,-1.0959268,0.31821108,0.0,3
09-30-2019 16:18:51,0.74339294,3.111267,8.789108,0.015794277,-1.2054033,1.079668,0.0,3
09-30-2019 16:18:51,0.6141052,3.2201996,8.633484,1.236933,-1.8683925,1.8912582,0.0,3
09-30-2019 16:18:51,0.45968628,3.3746338,8.413223,0.80902994,-1.5139093,-0.6658497,0.0,3
09-30-2019 16:18:51,0.3866577,3.4847565,8.534134,-0.6945186,1.4462872,1.4962473,0.0,3
09-30-2019 16:18:51,0.49320984,3.4428558,8.746017,-0.0008788109,-0.16182232,-0.571846,0.0,3
09-30-2019 16:18:51,0.5710144,3.3806152,8.462311,-0.13085961,-1.1023221,0.34064865,0.0,3
09-30-2019 16:18:51,0.6296692,3.3470917,8.124725,-0.25049078,-0.032888174,0.005867958,0.0,3
09-30-2019 16:18:51,0.48960876,3.4572296,8.258804,0.104647666,-0.6629839,0.97945786,0.0,3
09-30-2019 16:18:51,0.375885,3.5565796,8.522156,-0.07803118,-1.562818,0.81435776,0.0,3
09-30-2019 16:18:51,0.43933105,3.4955292,8.325836,-0.1974797,-0.74547267,-0.25138474,0.0,3
09-30-2019 16:18:51,0.5961609,3.3985748,8.161835,-1.5243666,0.035425663,0.78226376,0.0,3
09-30-2019 16:18:51,0.5674286,3.4596252,8.240845,-0.54018956,-0.55494845,2.711444,0.0,3
09-30-2019 16:18:51,0.45610046,3.5146942,8.416809,-0.5499432,-0.21088004,0.28640556,0.0,3
09-30-2019 16:18:51,0.36990356,3.509903,8.364151,0.34818178,-0.7955401,-0.5604286,0.0,3
09-30-2019 16:18:51,0.39144897,3.5314484,8.459915,2.4155102,-1.535888,-0.64099264,0.0,3
09-30-2019 16:18:51,0.43693542,3.5206757,8.620331,1.800204,0.34413648,0.6498623,0.0,3
09-30-2019 16:18:51,0.47764587,3.463211,8.549698,-0.53946006,-1.0398943,1.204196,0.0,3
09-30-2019 16:18:51,0.39863586,3.5003204,8.483856,-1.4433362,-1.2329819,-0.47380066,0.0,3
09-30-2019 16:18:51,0.31962585,3.6870728,8.344986,-1.7125629,0.037234545,0.7579403,0.0,3
09-30-2019 16:18:51,0.43455505,3.7265778,8.20134,-1.058136,-0.38300252,-0.13999176,0.0,3
09-30-2019 16:18:51,0.33518982,3.715805,8.328232,-0.84365034,0.47051167,-0.27583122,0.0,3
09-30-2019 16:18:51,0.19992065,3.7014313,8.562866,-0.6024154,0.20262504,-0.19517899,0.0,3
09-30-2019 16:18:51,0.30166626,3.6846771,8.711304,-0.5578465,0.10575986,0.20722866,0.0,3
09-30-2019 16:18:51,0.46687317,3.6750946,8.589203,-0.13815364,-0.4236505,-0.3685112,0.0,3
09-30-2019 16:18:51,0.4584961,3.6583405,8.465897,-0.23827684,0.8524282,-0.0147686,0.0,3
09-30-2019 16:18:51,0.3148346,3.7325592,8.422806,0.103099346,-0.05114913,-0.21880531,0.0,3
09-30-2019 16:18:51,0.2669525,3.8199463,8.324646,0.11808798,0.9395318,-0.15420723,0.0,3
09-30-2019 16:18:51,0.40222168,3.703827,8.163025,0.5007614,1.0337543,-0.19253063,0.0,3
09-30-2019 16:18:51,0.53630066,3.667923,8.009796,-0.2559201,0.54782605,0.7069063,0.0,3
09-30-2019 16:18:51,0.57341003,3.7014313,8.055298,-1.224328,-1.3789523,-0.20747375,0.0,3
09-30-2019 16:18:51,0.4920044,3.688263,8.238449,0.057869434,-0.7157104,-1.2296638,0.0,3
09-30-2019 16:18:51,0.36990356,3.7409363,8.488647,-0.85852313,0.99822736,1.0868177,0.0,3
09-30-2019 16:18:51,0.32920837,3.8175507,8.511383,-1.0021541,0.0437963,0.23032951,0.0,3
09-30-2019 16:18:51,0.3651123,3.9432526,8.24324,0.69782853,-1.1184413,-0.39906406,0.0,3
09-30-2019 16:18:51,0.4800415,4.071335,7.94635,-0.018295698,0.30138803,-0.24598217,0.0,3
09-30-2019 16:18:51,0.5961609,4.0102844,7.973892,-1.0577981,-0.03482628,2.4900885,0.0,3
09-30-2019 16:18:51,0.49560547,3.9540253,8.335419,-1.130956,-1.5552964,-2.3733778,0.0,3
09-30-2019 16:18:51,0.27293396,4.076126,8.671799,0.09421602,0.61055136,0.86383057,0.0,3
09-30-2019 16:18:51,0.37348938,4.079727,8.450333,0.35009393,-1.1533022,2.0276365,0.0,3
09-30-2019 16:18:51,0.54707336,3.9276886,8.015793,-0.24365109,-1.6320705,-0.9499645,0.0,3
09-30-2019 16:18:51,0.35194397,3.973175,7.9116364,0.229638,0.14738083,-0.82887554,0.0,3
09-30-2019 16:18:51,0.21308899,4.084503,8.020569,0.55222213,0.34558678,1.0165396,0.0,3
09-30-2019 16:18:51,0.45010376,3.9839478,8.099579,-1.6036432,-1.6892371,0.8574896,0.0,3
09-30-2019 16:18:51,0.60214233,3.8666382,8.166626,-1.0901934,0.11795092,-0.02433014,0.0,3
09-30-2019 16:18:51,0.46687317,3.937271,8.337814,0.4340651,-0.27115154,0.45007324,0.0,3
09-30-2019 16:18:51,0.37469482,4.021057,8.24324,-0.22872114,-1.3278832,2.0661154,0.0,3
09-30-2019 16:18:51,0.41059875,4.0390167,8.1809845,-0.95315886,-0.789186,0.22187614,0.0,3
09-30-2019 16:18:51,0.48362732,3.9612122,8.175003,-0.121650696,-2.041935,-0.9131875,0.0,3
09-30-2019 16:18:51,0.61531067,3.8845978,8.0816345,0.056005955,-0.8666544,-0.9914808,0.0,3
09-30-2019 16:18:51,0.52433777,3.9504395,8.169022,0.30350304,-1.3602448,-2.7505007,0.0,3
09-30-2019 16:18:51,0.36631775,4.0785217,8.313858,-0.6507809,0.88059914,3.6668987,0.0,3
09-30-2019 16:18:51,0.37469482,4.0976715,8.303085,-0.11357391,-0.6971105,3.055544,0.0,3
09-30-2019 16:18:51,0.40821838,4.059372,8.292313,0.45977843,-0.3987583,-1.1553335,0.0,3
09-30-2019 16:18:51,0.33877563,4.100067,8.367737,0.4554255,-0.5660296,-0.16217232,0.0,3
09-30-2019 16:18:51,0.38426208,4.1359863,8.204926,-1.7505131,-1.0420383,3.898611,0.0,3
09-30-2019 16:18:51,0.50038147,4.043808,8.037338,-1.9093579,-2.5256877,-1.2600946,0.0,3
09-30-2019 16:18:51,0.5279236,3.9624023,8.00502,0.05322361,-0.30582047,-2.3728743,0.0,3
09-30-2019 16:18:51,0.40821838,4.0569763,8.269577,1.7495476,-0.9854541,1.9603081,0.0,3
09-30-2019 16:18:51,0.4010315,4.0462036,8.283936,1.5392913,-2.012646,-0.34013462,0.0,3
09-30-2019 16:18:51,0.549469,3.9456482,8.106766,-1.3947759,0.8455212,0.074830055,0.0,3
09-30-2019 16:18:51,0.6356659,3.8798065,8.088806,-0.14223969,0.0018126965,1.1537666,0.0,3
09-30-2019 16:18:51,0.5015869,3.9205017,8.28154,-0.1843074,-2.5356114,-0.68409157,0.0,3
09-30-2019 16:18:51,0.5279236,3.9528198,8.270767,0.48369944,2.1887965,0.1437645,0.0,3
09-30-2019 16:18:51,0.6201019,3.901352,8.186966,-1.3693492,-0.76147294,1.1835537,0.0,3
09-30-2019 16:18:51,0.6380615,3.9037476,8.040924,0.6388751,-1.0201249,-2.9618187,0.0,3
09-30-2019 16:18:51,0.58418274,3.949234,7.967911,-1.322619,1.5717906,0.58692837,0.0,3
09-30-2019 16:18:51,0.47764587,3.9983215,7.9643097,-1.3356667,0.2380997,2.5058422,0.0,3
09-30-2019 16:18:51,0.3423767,4.066559,8.013397,-0.4405619,-3.174526,2.7072458,0.0,3
09-30-2019 16:18:51,0.3830719,3.9875488,8.32225,-0.018815994,-2.5516672,-0.84534264,0.0,3
09-30-2019 16:18:51,0.44651794,3.8881836,8.403641,0.77616715,-0.56899405,0.9779959,0.0,3
09-30-2019 16:18:51,0.43215942,4.0186615,8.346191,0.78455526,0.15343714,-0.58657837,0.0,3
09-30-2019 16:18:51,0.41778564,4.079727,8.406036,0.44917852,-0.68097115,-1.688518,0.0,3
09-30-2019 16:18:51,0.4632721,3.9695892,8.455124,-0.2682042,-0.69706035,-0.17638016,0.0,3
09-30-2019 16:18:51,0.5135498,3.8714294,8.3390045,-0.6965687,0.5191076,2.0404196,0.0,3
09-30-2019 16:18:51,0.45610046,3.9312744,8.344986,-0.59453917,-0.4182706,0.45742226,0.0,3
09-30-2019 16:18:51,0.39982605,3.973175,8.3414,0.18775654,-0.5967896,0.9659233,0.0,3
09-30-2019 16:18:51,0.5482788,3.93367,8.060074,-0.44599104,-0.2587011,-1.8817396,0.0,3
09-30-2019 16:18:51,0.56144714,3.861847,7.8841095,-0.9997685,0.11266351,1.080452,0.0,3
09-30-2019 16:18:51,0.48362732,3.901352,7.9487457,-0.5872147,-0.53735876,0.46766376,0.0,3
09-30-2019 16:18:51,0.52194214,3.897766,8.076843,-0.61484945,-1.0783069,-0.23529434,0.0,3
09-30-2019 16:18:51,0.5805969,3.839096,8.230072,-0.03504163,-0.20314837,-0.20572853,0.0,3
09-30-2019 16:18:51,0.61172485,3.8259277,8.28154,1.8404944,0.7086835,-0.18933964,0.0,3
09-30-2019 16:18:51,0.55784607,3.901352,8.226471,1.50631,-1.6816535,2.3072758,0.0,3
09-30-2019 16:18:51,0.48841858,3.9588165,8.2994995,0.64678127,-2.6525896,0.7434101,0.0,3
09-30-2019 16:18:51,0.4632721,3.9264984,8.377319,0.34808317,-0.8332963,-0.07239628,0.0,3
09-30-2019 16:18:51,0.52433777,3.873825,8.252808,0.90368783,0.2992072,0.33711243,0.0,3
09-30-2019 16:18:51,0.47166443,3.8929749,8.234863,-1.3585362,0.21969438,-1.3244276,0.0,3
09-30-2019 16:18:51,0.39144897,3.9432526,8.286331,-0.41724414,0.35109496,1.3678017,0.0,3
09-30-2019 16:18:51,0.3818817,3.988739,8.173798,-0.23263851,-0.28335094,0.39139652,0.0,3
09-30-2019 16:18:51,0.47166443,3.956421,8.10318,-0.13152492,-0.9783406,0.13248158,0.0,3
09-30-2019 16:18:51,0.5590515,3.8953705,8.179794,0.61581236,-0.23913169,-1.0488806,0.0,3
09-30-2019 16:18:51,0.6093292,3.8558655,8.323441,-0.40399125,0.33015323,-0.24378872,0.0,3
09-30-2019 16:18:51,0.6643982,3.8031921,8.468292,-0.40668786,0.066764355,0.64324,0.0,3
09-30-2019 16:18:51,0.65122986,3.767273,8.429977,-0.9363941,-1.1886597,0.2666855,0.0,3
09-30-2019 16:18:51,0.48483276,3.8678284,8.398865,-0.4827863,-0.31997824,0.4295416,0.0,3
09-30-2019 16:18:51,0.37948608,3.949234,8.34259,-0.53203386,0.23227334,-0.28803062,0.0,3
09-30-2019 16:18:51,0.3866577,3.9659882,8.095993,-0.6691428,-1.3553367,1.3852472,0.0,3
09-30-2019 16:18:51,0.44532776,3.9552155,7.989456,0.6233332,-1.1669724,-0.23777676,0.0,3
09-30-2019 16:18:51,0.5315094,3.9396515,7.993042,0.27804893,-0.7608082,-0.05358219,0.0,3
09-30-2019 16:18:51,0.4812317,3.9624023,8.061279,-0.14974028,-1.2505095,0.6434498,0.0,3
09-30-2019 16:18:51,0.4800415,3.9217072,8.242035,-0.3704303,-1.2394984,0.85617065,0.0,3
09-30-2019 16:18:51,0.55784607,3.85466,8.325836,-1.3288728,-1.0726163,0.207654,0.0,3
09-30-2019 16:18:51,0.66200256,3.815155,8.291122,-1.2724614,-1.3847291,0.47072792,0.0,3
09-30-2019 16:18:51,0.65242004,3.7960052,8.329422,-0.108309865,-1.0987527,0.6757984,0.0,3
09-30-2019 16:18:51,0.5626373,3.8247375,8.352173,0.3916927,-1.0591674,0.5381365,0.0,3
09-30-2019 16:18:51,0.4620819,3.870224,8.2599945,0.26962042,-0.71063185,-0.06677723,0.0,3
09-30-2019 16:18:51,0.50756836,3.8965607,8.186966,0.378726,-0.8751681,0.4475155,0.0,3
