09-30-2019 16:07:50,-0.6278839,-0.54766846,9.447525,-0.0012333393,-0.0037299395,0.00472641,0.0,2
09-30-2019 16:07:50,-0.6272888,-0.5518646,9.459488,0.0018311143,0.002356708,0.0035648346,0.0,2
09-30-2019 16:07:50,-0.6248932,-0.55007935,9.460693,-0.0009263754,-0.0029856563,0.0027370453,0.0,2
09-30-2019 16:07:50,-0.6272888,-0.5482788,9.457703,0.0009403825,0.0025702715,0.0067186356,0.0,2
09-30-2019 16:07:50,-0.6266937,-0.55426025,9.458893,0.0035706162,7.945299e-05,0.0013122559,0.0,2
09-30-2019 16:07:50,-0.63027954,-0.5458832,9.46608,0.00054705143,0.0005424619,-0.0018701553,0.0,2
09-30-2019 16:07:50,-0.620697,-0.549469,9.464874,0.0002362132,0.0009419322,0.0019922256,0.0,2
09-30-2019 16:07:50,-0.62368774,-0.5560608,9.458298,0.00084394217,-0.00016385317,-0.004286766,0.0,2
09-30-2019 16:07:50,-0.62249756,-0.5488739,9.463089,-0.0008793473,-0.002873361,-0.0024499893,0.0,2
09-30-2019 16:07:50,-0.6242981,-0.55067444,9.454102,0.0010469556,0.005094826,-0.0011711121,0.0,2
09-30-2019 16:07:50,-0.623703,-0.5488739,9.457108,-0.0019305348,-0.0003234744,-0.004781723,0.0,2
09-30-2019 16:07:50,-0.62667847,-0.557251,9.452316,0.00021559,-0.00060528517,-0.0011768341,0.0,2
09-30-2019 16:07:50,-0.6260834,-0.5518646,9.454697,0.004054427,-0.0026803613,-0.0047540665,0.0,2
09-30-2019 16:07:50,-0.6242981,-0.54408264,9.451111,-0.001167059,0.0018475652,-0.00035762787,0.0,2
09-30-2019 16:07:50,-0.63027954,-0.5578613,9.449326,0.0006002784,-1.9609928e-05,0.00056648254,0.0,2
09-30-2019 16:07:50,-0.628479,-0.5518646,9.451721,0.0031526685,-0.0012745857,0.0031728745,0.0,2
09-30-2019 16:07:50,-0.6248932,-0.5518646,9.44693,0.0018051863,-0.006476462,-0.0021982193,0.0,2
09-30-2019 16:07:50,-0.6201019,-0.557251,9.4457245,0.0027061105,0.00014156103,-0.0026578903,0.0,2
09-30-2019 16:07:50,-0.6290741,-0.5488739,9.454102,0.0005323291,0.0016372204,-0.0029554367,0.0,2
09-30-2019 16:07:50,-0.6242981,-0.55545044,9.449921,-0.00040584803,-0.00093489885,0.0007686615,0.0,2
09-30-2019 16:07:50,-0.6242981,-0.5518646,9.451706,0.0013049245,0.00052398443,-0.0014858246,0.0,2
09-30-2019 16:07:50,-0.620697,-0.5584564,9.455902,0.0030515194,-0.004464388,-0.00059604645,0.0,2
09-30-2019 16:07:50,-0.6254883,-0.5566559,9.444534,-0.001106143,-0.00024086237,0.0012254715,0.0,2
09-30-2019 16:07:50,-0.62428284,-0.5560608,9.44693,0.0023103356,-0.0034308434,-0.0047655106,0.0,2
09-30-2019 16:07:50,-0.6188965,-0.55426025,9.449326,0.00026619434,0.0046983957,-0.0015707016,0.0,2
09-30-2019 16:07:50,-0.6254883,-0.55366516,9.451111,0.0007671714,0.0014862418,0.00048351288,0.0,2
09-30-2019 16:07:50,-0.62309265,-0.5560608,9.44632,0.0013595223,0.0018669367,0.0007505417,0.0,2
09-30-2019 16:07:50,-0.6201019,-0.5566559,9.447525,-0.00023370981,-0.00010365248,-0.003071785,0.0,2
09-30-2019 16:07:50,-0.62309265,-0.5584564,9.447525,-0.0018994212,-0.0020036101,-2.3841858e-05,0.0,2
09-30-2019 16:07:50,-0.6254883,-0.5554657,9.44632,3.516674e-05,0.0025345683,-0.00082302094,0.0,2
09-30-2019 16:07:50,-0.61950684,-0.55784607,9.442734,-0.0027048588,7.104874e-05,-0.00054836273,0.0,2
09-30-2019 16:07:50,-0.62309265,-0.5554657,9.439743,0.0009728074,0.0009673238,0.0020914078,0.0,2
09-30-2019 16:07:50,-0.62190247,-0.5500641,9.44812,0.000107347965,0.00088471174,0.0009918213,0.0,2
09-30-2019 16:07:50,-0.61950684,-0.55366516,9.44632,0.00018554926,-1.9073486e-05,-0.001660347,0.0,2
09-30-2019 16:07:50,-0.6177063,-0.55307007,9.4457245,0.002364099,0.0024312139,0.0005302429,0.0,2
09-30-2019 16:07:50,-0.62190247,-0.5518646,9.443329,0.002378583,-0.0012549162,-0.00043201447,0.0,2
09-30-2019 16:07:50,-0.623703,-0.55366516,9.442734,0.00045365095,0.0040002465,0.0013399124,0.0,2
09-30-2019 16:07:50,-0.62309265,-0.55545044,9.441544,0.0017303228,0.003204167,-0.0010538101,0.0,2
09-30-2019 16:07:50,-0.6254883,-0.5518646,9.443329,0.0004181862,0.0009357333,0.0017518997,0.0,2
09-30-2019 16:07:50,-0.623703,-0.55366516,9.445129,0.0010210276,0.0010493398,-0.0016317368,0.0,2
09-30-2019 16:07:50,-0.623703,-0.55366516,9.445129,-0.0007981658,0.0008222461,-0.0034503937,0.0,2
09-30-2019 16:07:50,-0.620697,-0.5566559,9.44812,-0.0046107173,0.0032052398,0.00010967255,0.0,2
09-30-2019 16:07:50,-0.6248932,-0.5506592,9.440933,0.0022448897,-0.0036099553,-0.001502037,0.0,2
09-30-2019 16:07:50,-0.6213074,-0.5590515,9.445129,-0.0007188916,0.0016582608,0.0006093979,0.0,2
09-30-2019 16:07:50,-0.62309265,-0.55067444,9.445129,0.00023698807,0.0010475516,0.0012407303,0.0,2
09-30-2019 16:07:50,-0.62249756,-0.5590515,9.442734,0.0005592108,0.0037215352,0.004008293,0.0,2
09-30-2019 16:07:50,-0.6188965,-0.55485535,9.445129,0.0003464222,0.0018774867,-0.0001077652,0.0,2
09-30-2019 16:07:50,-0.6213074,-0.5506592,9.442734,-0.0029824376,-7.480383e-05,-0.0012083054,0.0,2
09-30-2019 16:07:50,-0.61891174,-0.55126953,9.443939,-0.00118047,0.0017730594,0.00034618378,0.0,2
09-30-2019 16:07:50,-0.62249756,-0.55366516,9.449326,-0.00298661,0.0030227304,-0.0005617142,0.0,2
09-30-2019 16:07:50,-0.6213074,-0.5560608,9.44693,-0.0016068816,0.0035935044,0.0024681091,0.0,2
09-30-2019 16:07:50,-0.61950684,-0.5524597,9.440338,0.0006225705,-0.0025307536,-0.0031232834,0.0,2
09-30-2019 16:07:50,-0.6254883,-0.55307007,9.440933,0.0012074709,-0.0026349425,0.0031461716,0.0,2
09-30-2019 16:07:50,-0.62368774,-0.552475,9.436752,-0.0008344054,0.0013972521,0.00046920776,0.0,2
09-30-2019 16:07:50,-0.62368774,-0.5596466,9.443924,-0.00011861324,0.00041782856,-0.00044822693,0.0,2
09-30-2019 16:07:50,-0.6248932,-0.55126953,9.443329,-0.0006521344,-0.0015078187,0.0032930374,0.0,2
09-30-2019 16:07:50,-0.62249756,-0.55366516,9.4457245,0.00034755468,0.001648128,0.0026426315,0.0,2
09-30-2019 16:07:50,-0.62190247,-0.55366516,9.442139,-0.00058084726,0.0009636283,0.001405716,0.0,2
09-30-2019 16:07:50,-0.620697,-0.5524597,9.44812,0.0011188388,0.000105559826,0.004527092,0.0,2
09-30-2019 16:07:50,-0.62190247,-0.5488739,9.4457245,-0.0024749637,0.0012021661,0.0018434525,0.0,2
09-30-2019 16:07:50,-0.62667847,-0.5524597,9.445129,0.0023365617,0.0048367977,0.010813713,0.0,2
09-30-2019 16:07:50,-0.6260834,-0.55307007,9.443329,-0.0049134493,0.00053977966,0.0027656555,0.0,2
09-30-2019 16:07:50,-0.62368774,-0.55426025,9.442734,0.0003579259,0.0015375018,0.003788948,0.0,2
09-30-2019 16:07:53,-0.6272888,-0.5518646,9.459488,0.0018311143,0.002356708,0.0035648346,0.0,3
09-30-2019 16:07:53,-0.6248932,-0.55007935,9.460693,-0.0009263754,-0.0029856563,0.0027370453,0.0,3
09-30-2019 16:07:53,-0.6272888,-0.5482788,9.457703,0.0009403825,0.0025702715,0.0067186356,0.0,3
09-30-2019 16:07:53,-0.6266937,-0.55426025,9.458893,0.0035706162,7.945299e-05,0.0013122559,0.0,3
09-30-2019 16:07:53,-0.63027954,-0.5458832,9.46608,0.00054705143,0.0005424619,-0.0018701553,0.0,3
09-30-2019 16:07:53,-0.620697,-0.549469,9.464874,0.0002362132,0.0009419322,0.0019922256,0.0,3
09-30-2019 16:07:53,-0.62368774,-0.5560608,9.458298,0.00084394217,-0.00016385317,-0.004286766,0.0,3
09-30-2019 16:07:53,-0.62249756,-0.5488739,9.463089,-0.0008793473,-0.002873361,-0.0024499893,0.0,3
09-30-2019 16:07:53,-0.6242981,-0.55067444,9.454102,0.0010469556,0.005094826,-0.0011711121,0.0,3
09-30-2019 16:07:53,-0.623703,-0.5488739,9.457108,-0.0019305348,-0.0003234744,-0.004781723,0.0,3
09-30-2019 16:07:53,-0.62667847,-0.557251,9.452316,0.00021559,-0.00060528517,-0.0011768341,0.0,3
09-30-2019 16:07:53,-0.6260834,-0.5518646,9.454697,0.004054427,-0.0026803613,-0.0047540665,0.0,3
09-30-2019 16:07:53,-0.6242981,-0.54408264,9.451111,-0.001167059,0.0018475652,-0.00035762787,0.0,3
09-30-2019 16:07:53,-0.63027954,-0.5578613,9.449326,0.0006002784,-1.9609928e-05,0.00056648254,0.0,3
09-30-2019 16:07:53,-0.628479,-0.5518646,9.451721,0.0031526685,-0.0012745857,0.0031728745,0.0,3
09-30-2019 16:07:53,-0.6248932,-0.5518646,9.44693,0.0018051863,-0.006476462,-0.0021982193,0.0,3
09-30-2019 16:07:53,-0.6201019,-0.557251,9.4457245,0.0027061105,0.00014156103,-0.0026578903,0.0,3
09-30-2019 16:07:53,-0.6290741,-0.5488739,9.454102,0.0005323291,0.0016372204,-0.0029554367,0.0,3
09-30-2019 16:07:53,-0.6242981,-0.55545044,9.449921,-0.00040584803,-0.00093489885,0.0007686615,0.0,3
09-30-2019 16:07:53,-0.6242981,-0.5518646,9.451706,0.0013049245,0.00052398443,-0.0014858246,0.0,3
09-30-2019 16:07:53,-0.620697,-0.5584564,9.455902,0.0030515194,-0.004464388,-0.00059604645,0.0,3
09-30-2019 16:07:53,-0.6254883,-0.5566559,9.444534,-0.001106143,-0.00024086237,0.0012254715,0.0,3
09-30-2019 16:07:53,-0.62428284,-0.5560608,9.44693,0.0023103356,-0.0034308434,-0.0047655106,0.0,3
09-30-2019 16:07:53,-0.6188965,-0.55426025,9.449326,0.00026619434,0.0046983957,-0.0015707016,0.0,3
09-30-2019 16:07:53,-0.6254883,-0.55366516,9.451111,0.0007671714,0.0014862418,0.00048351288,0.0,3
09-30-2019 16:07:53,-0.62309265,-0.5560608,9.44632,0.0013595223,0.0018669367,0.0007505417,0.0,3
09-30-2019 16:07:53,-0.6201019,-0.5566559,9.447525,-0.00023370981,-0.00010365248,-0.003071785,0.0,3
09-30-2019 16:07:53,-0.62309265,-0.5584564,9.447525,-0.0018994212,-0.0020036101,-2.3841858e-05,0.0,3
09-30-2019 16:07:53,-0.6254883,-0.5554657,9.44632,3.516674e-05,0.0025345683,-0.00082302094,0.0,3
09-30-2019 16:07:53,-0.61950684,-0.55784607,9.442734,-0.0027048588,7.104874e-05,-0.00054836273,0.0,3
09-30-2019 16:07:53,-0.62309265,-0.5554657,9.439743,0.0009728074,0.0009673238,0.0020914078,0.0,3
09-30-2019 16:07:53,-0.62190247,-0.5500641,9.44812,0.000107347965,0.00088471174,0.0009918213,0.0,3
09-30-2019 16:07:53,-0.61950684,-0.55366516,9.44632,0.00018554926,-1.9073486e-05,-0.001660347,0.0,3
09-30-2019 16:07:53,-0.6177063,-0.55307007,9.4457245,0.002364099,0.0024312139,0.0005302429,0.0,3
09-30-2019 16:07:53,-0.62190247,-0.5518646,9.443329,0.002378583,-0.0012549162,-0.00043201447,0.0,3
09-30-2019 16:07:53,-0.623703,-0.55366516,9.442734,0.00045365095,0.0040002465,0.0013399124,0.0,3
09-30-2019 16:07:53,-0.62309265,-0.55545044,9.441544,0.0017303228,0.003204167,-0.0010538101,0.0,3
09-30-2019 16:07:53,-0.6254883,-0.5518646,9.443329,0.0004181862,0.0009357333,0.0017518997,0.0,3
09-30-2019 16:07:53,-0.623703,-0.55366516,9.445129,0.0010210276,0.0010493398,-0.0016317368,0.0,3
09-30-2019 16:07:53,-0.623703,-0.55366516,9.445129,-0.0007981658,0.0008222461,-0.0034503937,0.0,3
09-30-2019 16:07:53,-0.620697,-0.5566559,9.44812,-0.0046107173,0.0032052398,0.00010967255,0.0,3
09-30-2019 16:07:53,-0.6248932,-0.5506592,9.440933,0.0022448897,-0.0036099553,-0.001502037,0.0,3
09-30-2019 16:07:53,-0.6213074,-0.5590515,9.445129,-0.0007188916,0.0016582608,0.0006093979,0.0,3
09-30-2019 16:07:53,-0.62309265,-0.55067444,9.445129,0.00023698807,0.0010475516,0.0012407303,0.0,3
09-30-2019 16:07:53,-0.62249756,-0.5590515,9.442734,0.0005592108,0.0037215352,0.004008293,0.0,3
09-30-2019 16:07:53,-0.6188965,-0.55485535,9.445129,0.0003464222,0.0018774867,-0.0001077652,0.0,3
09-30-2019 16:07:53,-0.6213074,-0.5506592,9.442734,-0.0029824376,-7.480383e-05,-0.0012083054,0.0,3
09-30-2019 16:07:53,-0.61891174,-0.55126953,9.443939,-0.00118047,0.0017730594,0.00034618378,0.0,3
09-30-2019 16:07:53,-0.62249756,-0.55366516,9.449326,-0.00298661,0.0030227304,-0.0005617142,0.0,3
09-30-2019 16:07:53,-0.6213074,-0.5560608,9.44693,-0.0016068816,0.0035935044,0.0024681091,0.0,3
09-30-2019 16:07:53,-0.61950684,-0.5524597,9.440338,0.0006225705,-0.0025307536,-0.0031232834,0.0,3
09-30-2019 16:07:53,-0.6254883,-0.55307007,9.440933,0.0012074709,-0.0026349425,0.0031461716,0.0,3
09-30-2019 16:07:53,-0.62368774,-0.552475,9.436752,-0.0008344054,0.0013972521,0.00046920776,0.0,3
09-30-2019 16:07:53,-0.62368774,-0.5596466,9.443924,-0.00011861324,0.00041782856,-0.00044822693,0.0,3
09-30-2019 16:07:53,-0.6248932,-0.55126953,9.443329,-0.0006521344,-0.0015078187,0.0032930374,0.0,3
09-30-2019 16:07:53,-0.62249756,-0.55366516,9.4457245,0.00034755468,0.001648128,0.0026426315,0.0,3
09-30-2019 16:07:53,-0.62190247,-0.55366516,9.442139,-0.00058084726,0.0009636283,0.001405716,0.0,3
09-30-2019 16:07:53,-0.620697,-0.5524597,9.44812,0.0011188388,0.000105559826,0.004527092,0.0,3
09-30-2019 16:07:53,-0.62190247,-0.5488739,9.4457245,-0.0024749637,0.0012021661,0.0018434525,0.0,3
09-30-2019 16:07:53,-0.62667847,-0.5524597,9.445129,0.0023365617,0.0048367977,0.010813713,0.0,3
09-30-2019 16:07:53,-0.6260834,-0.55307007,9.443329,-0.0049134493,0.00053977966,0.0027656555,0.0,3
09-30-2019 16:07:53,-0.62368774,-0.55426025,9.442734,0.0003579259,0.0015375018,0.003788948,0.0,3
09-30-2019 16:07:53,-0.6272888,-0.5464783,9.447525,-0.001640141,-0.0021095872,0.0021162033,0.0,3
09-30-2019 16:07:53,-0.6242981,-0.5500641,9.444534,-0.00090521574,-0.0023584962,0.0049791336,0.0,3
09-30-2019 16:07:53,-0.6260834,-0.55485535,9.443939,-0.0011450052,0.0027230382,0.0009069443,0.0,3
09-30-2019 16:07:53,-0.6248932,-0.5596466,9.443329,-0.0033100843,-0.00078707933,-0.0005578995,0.0,3
09-30-2019 16:07:53,-0.6212921,-0.55426025,9.44812,0.0017818809,0.00084763765,0.000831604,0.0,3
09-30-2019 16:07:53,-0.6272888,-0.5530548,9.442734,-0.0028941631,0.001842916,0.00056266785,0.0,3
09-30-2019 16:07:53,-0.62249756,-0.5566559,9.444534,0.0023101568,-0.00019556284,-0.005223274,0.0,3
09-30-2019 16:07:53,-0.62368774,-0.55366516,9.454697,-0.00029420853,0.00060516596,-0.0014972687,0.0,3
09-30-2019 16:07:53,-0.6242981,-0.55485535,9.448715,-0.0019121766,-0.0011070371,-0.0025720596,0.0,3
09-30-2019 16:07:53,-0.6248932,-0.55545044,9.44812,0.0006759763,-0.0017612576,0.0019025803,0.0,3
09-30-2019 16:07:53,-0.6248932,-0.5560608,9.451706,-0.00042158365,0.0005404353,0.0013074875,0.0,3
09-30-2019 16:07:53,-0.62309265,-0.5554657,9.456497,0.0020284057,-0.0007083416,-0.0015001297,0.0,3
09-30-2019 16:07:53,-0.62368774,-0.55307007,9.452911,-0.003254354,0.002393484,0.001033783,0.0,3
09-30-2019 16:07:53,-0.6254883,-0.5524597,9.464279,9.071827e-05,-0.0030962229,0.0007123947,0.0,3
09-30-2019 16:07:53,-0.6254883,-0.5500641,9.463089,-0.0008699298,-0.0021517873,0.0017576218,0.0,3
09-30-2019 16:07:56,-0.6272888,-0.5518646,9.459488,0.0018311143,0.002356708,0.0035648346,0.0,4
09-30-2019 16:07:56,-0.6248932,-0.55007935,9.460693,-0.0009263754,-0.0029856563,0.0027370453,0.0,4
09-30-2019 16:07:56,-0.6272888,-0.5482788,9.457703,0.0009403825,0.0025702715,0.0067186356,0.0,4
09-30-2019 16:07:56,-0.6266937,-0.55426025,9.458893,0.0035706162,7.945299e-05,0.0013122559,0.0,4
09-30-2019 16:07:56,-0.63027954,-0.5458832,9.46608,0.00054705143,0.0005424619,-0.0018701553,0.0,4
09-30-2019 16:07:56,-0.620697,-0.549469,9.464874,0.0002362132,0.0009419322,0.0019922256,0.0,4
09-30-2019 16:07:56,-0.62368774,-0.5560608,9.458298,0.00084394217,-0.00016385317,-0.004286766,0.0,4
09-30-2019 16:07:56,-0.62249756,-0.5488739,9.463089,-0.0008793473,-0.002873361,-0.0024499893,0.0,4
09-30-2019 16:07:56,-0.6242981,-0.55067444,9.454102,0.0010469556,0.005094826,-0.0011711121,0.0,4
09-30-2019 16:07:56,-0.623703,-0.5488739,9.457108,-0.0019305348,-0.0003234744,-0.004781723,0.0,4
09-30-2019 16:07:56,-0.62667847,-0.557251,9.452316,0.00021559,-0.00060528517,-0.0011768341,0.0,4
09-30-2019 16:07:56,-0.6260834,-0.5518646,9.454697,0.004054427,-0.0026803613,-0.0047540665,0.0,4
09-30-2019 16:07:56,-0.6242981,-0.54408264,9.451111,-0.001167059,0.0018475652,-0.00035762787,0.0,4
09-30-2019 16:07:56,-0.63027954,-0.5578613,9.449326,0.0006002784,-1.9609928e-05,0.00056648254,0.0,4
09-30-2019 16:07:56,-0.628479,-0.5518646,9.451721,0.0031526685,-0.0012745857,0.0031728745,0.0,4
09-30-2019 16:07:56,-0.6248932,-0.5518646,9.44693,0.0018051863,-0.006476462,-0.0021982193,0.0,4
09-30-2019 16:07:56,-0.6201019,-0.557251,9.4457245,0.0027061105,0.00014156103,-0.0026578903,0.0,4
09-30-2019 16:07:56,-0.6290741,-0.5488739,9.454102,0.0005323291,0.0016372204,-0.0029554367,0.0,4
09-30-2019 16:07:56,-0.6242981,-0.55545044,9.449921,-0.00040584803,-0.00093489885,0.0007686615,0.0,4
09-30-2019 16:07:56,-0.6242981,-0.5518646,9.451706,0.0013049245,0.00052398443,-0.0014858246,0.0,4
09-30-2019 16:07:56,-0.620697,-0.5584564,9.455902,0.0030515194,-0.004464388,-0.00059604645,0.0,4
09-30-2019 16:07:56,-0.6254883,-0.5566559,9.444534,-0.001106143,-0.00024086237,0.0012254715,0.0,4
09-30-2019 16:07:56,-0.62428284,-0.5560608,9.44693,0.0023103356,-0.0034308434,-0.0047655106,0.0,4
09-30-2019 16:07:56,-0.6188965,-0.55426025,9.449326,0.00026619434,0.0046983957,-0.0015707016,0.0,4
09-30-2019 16:07:56,-0.6254883,-0.55366516,9.451111,0.0007671714,0.0014862418,0.00048351288,0.0,4
09-30-2019 16:07:56,-0.62309265,-0.5560608,9.44632,0.0013595223,0.0018669367,0.0007505417,0.0,4
09-30-2019 16:07:56,-0.6201019,-0.5566559,9.447525,-0.00023370981,-0.00010365248,-0.003071785,0.0,4
09-30-2019 16:07:56,-0.62309265,-0.5584564,9.447525,-0.0018994212,-0.0020036101,-2.3841858e-05,0.0,4
09-30-2019 16:07:56,-0.6254883,-0.5554657,9.44632,3.516674e-05,0.0025345683,-0.00082302094,0.0,4
09-30-2019 16:07:56,-0.61950684,-0.55784607,9.442734,-0.0027048588,7.104874e-05,-0.00054836273,0.0,4
09-30-2019 16:07:56,-0.62309265,-0.5554657,9.439743,0.0009728074,0.0009673238,0.0020914078,0.0,4
09-30-2019 16:07:56,-0.62190247,-0.5500641,9.44812,0.000107347965,0.00088471174,0.0009918213,0.0,4
09-30-2019 16:07:56,-0.61950684,-0.55366516,9.44632,0.00018554926,-1.9073486e-05,-0.001660347,0.0,4
09-30-2019 16:07:56,-0.6177063,-0.55307007,9.4457245,0.002364099,0.0024312139,0.0005302429,0.0,4
09-30-2019 16:07:56,-0.62190247,-0.5518646,9.443329,0.002378583,-0.0012549162,-0.00043201447,0.0,4
09-30-2019 16:07:56,-0.623703,-0.55366516,9.442734,0.00045365095,0.0040002465,0.0013399124,0.0,4
09-30-2019 16:07:56,-0.62309265,-0.55545044,9.441544,0.0017303228,0.003204167,-0.0010538101,0.0,4
09-30-2019 16:07:56,-0.6254883,-0.5518646,9.443329,0.0004181862,0.0009357333,0.0017518997,0.0,4
09-30-2019 16:07:56,-0.623703,-0.55366516,9.445129,0.0010210276,0.0010493398,-0.0016317368,0.0,4
09-30-2019 16:07:56,-0.623703,-0.55366516,9.445129,-0.0007981658,0.0008222461,-0.0034503937,0.0,4
09-30-2019 16:07:56,-0.620697,-0.5566559,9.44812,-0.0046107173,0.0032052398,0.00010967255,0.0,4
09-30-2019 16:07:56,-0.6248932,-0.5506592,9.440933,0.0022448897,-0.0036099553,-0.001502037,0.0,4
09-30-2019 16:07:56,-0.6213074,-0.5590515,9.445129,-0.0007188916,0.0016582608,0.0006093979,0.0,4
09-30-2019 16:07:56,-0.62309265,-0.55067444,9.445129,0.00023698807,0.0010475516,0.0012407303,0.0,4
09-30-2019 16:07:56,-0.62249756,-0.5590515,9.442734,0.0005592108,0.0037215352,0.004008293,0.0,4
09-30-2019 16:07:56,-0.6188965,-0.55485535,9.445129,0.0003464222,0.0018774867,-0.0001077652,0.0,4
09-30-2019 16:07:56,-0.6213074,-0.5506592,9.442734,-0.0029824376,-7.480383e-05,-0.0012083054,0.0,4
09-30-2019 16:07:56,-0.61891174,-0.55126953,9.443939,-0.00118047,0.0017730594,0.00034618378,0.0,4
09-30-2019 16:07:56,-0.62249756,-0.55366516,9.449326,-0.00298661,0.0030227304,-0.0005617142,0.0,4
09-30-2019 16:07:56,-0.6213074,-0.5560608,9.44693,-0.0016068816,0.0035935044,0.0024681091,0.0,4
09-30-2019 16:07:56,-0.61950684,-0.5524597,9.440338,0.0006225705,-0.0025307536,-0.0031232834,0.0,4
09-30-2019 16:07:56,-0.6254883,-0.55307007,9.440933,0.0012074709,-0.0026349425,0.0031461716,0.0,4
09-30-2019 16:07:56,-0.62368774,-0.552475,9.436752,-0.0008344054,0.0013972521,0.00046920776,0.0,4
09-30-2019 16:07:56,-0.62368774,-0.5596466,9.443924,-0.00011861324,0.00041782856,-0.00044822693,0.0,4
09-30-2019 16:07:56,-0.6248932,-0.55126953,9.443329,-0.0006521344,-0.0015078187,0.0032930374,0.0,4
09-30-2019 16:07:56,-0.62249756,-0.55366516,9.4457245,0.00034755468,0.001648128,0.0026426315,0.0,4
09-30-2019 16:07:56,-0.62190247,-0.55366516,9.442139,-0.00058084726,0.0009636283,0.001405716,0.0,4
09-30-2019 16:07:56,-0.620697,-0.5524597,9.44812,0.0011188388,0.000105559826,0.004527092,0.0,4
09-30-2019 16:07:56,-0.62190247,-0.5488739,9.4457245,-0.0024749637,0.0012021661,0.0018434525,0.0,4
09-30-2019 16:07:56,-0.62667847,-0.5524597,9.445129,0.0023365617,0.0048367977,0.010813713,0.0,4
09-30-2019 16:07:56,-0.6260834,-0.55307007,9.443329,-0.0049134493,0.00053977966,0.0027656555,0.0,4
09-30-2019 16:07:56,-0.62368774,-0.55426025,9.442734,0.0003579259,0.0015375018,0.003788948,0.0,4
09-30-2019 16:07:56,-0.6272888,-0.5464783,9.447525,-0.001640141,-0.0021095872,0.0021162033,0.0,4
09-30-2019 16:07:56,-0.6242981,-0.5500641,9.444534,-0.00090521574,-0.0023584962,0.0049791336,0.0,4
09-30-2019 16:07:56,-0.6260834,-0.55485535,9.443939,-0.0011450052,0.0027230382,0.0009069443,0.0,4
09-30-2019 16:07:56,-0.6248932,-0.5596466,9.443329,-0.0033100843,-0.00078707933,-0.0005578995,0.0,4
09-30-2019 16:07:56,-0.6212921,-0.55426025,9.44812,0.0017818809,0.00084763765,0.000831604,0.0,4
09-30-2019 16:07:56,-0.6272888,-0.5530548,9.442734,-0.0028941631,0.001842916,0.00056266785,0.0,4
09-30-2019 16:07:56,-0.62249756,-0.5566559,9.444534,0.0023101568,-0.00019556284,-0.005223274,0.0,4
09-30-2019 16:07:56,-0.62368774,-0.55366516,9.454697,-0.00029420853,0.00060516596,-0.0014972687,0.0,4
09-30-2019 16:07:56,-0.6242981,-0.55485535,9.448715,-0.0019121766,-0.0011070371,-0.0025720596,0.0,4
09-30-2019 16:07:56,-0.6248932,-0.55545044,9.44812,0.0006759763,-0.0017612576,0.0019025803,0.0,4
09-30-2019 16:07:56,-0.6248932,-0.5560608,9.451706,-0.00042158365,0.0005404353,0.0013074875,0.0,4
09-30-2019 16:07:56,-0.62309265,-0.5554657,9.456497,0.0020284057,-0.0007083416,-0.0015001297,0.0,4
09-30-2019 16:07:56,-0.62368774,-0.55307007,9.452911,-0.003254354,0.002393484,0.001033783,0.0,4
09-30-2019 16:07:56,-0.6254883,-0.5524597,9.464279,9.071827e-05,-0.0030962229,0.0007123947,0.0,4
09-30-2019 16:07:56,-0.6254883,-0.5500641,9.463089,-0.0008699298,-0.0021517873,0.0017576218,0.0,4
09-30-2019 16:07:56,-0.62968445,-0.5560608,9.459503,0.0020307302,0.0013816953,-0.0015792847,0.0,4
09-30-2019 16:07:56,-0.6248932,-0.5488739,9.46788,0.0022203326,0.0026175976,-0.0026664734,0.0,4
09-30-2019 16:07:56,-0.6248932,-0.5524597,9.46727,0.0043358207,0.0069119334,0.001036644,0.0,4
09-30-2019 16:07:56,-0.6278839,-0.5590515,9.46907,-0.0015565157,0.0017263293,-0.00248909,0.0,4
09-30-2019 16:07:56,-0.62667847,-0.55126953,9.463089,-0.00056785345,-0.00027877092,-0.0032453537,0.0,4
09-30-2019 16:07:56,-0.63027954,-0.5524597,9.462494,-0.00273031,-0.00045615435,-0.0005559921,0.0,4
09-30-2019 16:07:56,-0.63087463,-0.5524597,9.463684,-0.00191921,0.0008429885,0.00084400177,0.0,4
09-30-2019 16:07:56,-0.6266937,-0.55485535,9.46608,-0.00039982796,-0.0010553598,-0.0005598068,0.0,4
09-30-2019 16:07:56,-0.63087463,-0.55067444,9.462494,0.00064718723,0.00033825636,-0.0011405945,0.0,4
09-30-2019 16:07:56,-0.6278839,-0.5500641,9.461288,0.0013871789,0.0029835105,-0.0011091232,0.0,4
09-30-2019 16:07:56,-0.6260834,-0.55126953,9.460098,-0.0009763837,-0.00014448166,-0.002737999,0.0,4
09-30-2019 16:07:56,-0.6320648,-0.55007935,9.460098,-0.0030721426,0.004425347,0.0006046295,0.0,4
09-30-2019 16:07:56,-0.62968445,-0.5488739,9.458893,0.0018900037,0.00058686733,-0.0015192032,0.0,4
09-30-2019 16:07:56,-0.63087463,-0.5566559,9.460693,-0.0040481687,-0.0004969835,0.0034074783,0.0,4
09-30-2019 16:07:56,-0.63087463,-0.55366516,9.463089,-0.0025746226,-0.0020169616,-0.0016889572,0.0,4
09-30-2019 16:07:59,-0.6272888,-0.5518646,9.459488,0.0018311143,0.002356708,0.0035648346,0.0,4
09-30-2019 16:07:59,-0.6248932,-0.55007935,9.460693,-0.0009263754,-0.0029856563,0.0027370453,0.0,4
09-30-2019 16:07:59,-0.6272888,-0.5482788,9.457703,0.0009403825,0.0025702715,0.0067186356,0.0,4
09-30-2019 16:07:59,-0.6266937,-0.55426025,9.458893,0.0035706162,7.945299e-05,0.0013122559,0.0,4
09-30-2019 16:07:59,-0.63027954,-0.5458832,9.46608,0.00054705143,0.0005424619,-0.0018701553,0.0,4
09-30-2019 16:07:59,-0.620697,-0.549469,9.464874,0.0002362132,0.0009419322,0.0019922256,0.0,4
09-30-2019 16:07:59,-0.62368774,-0.5560608,9.458298,0.00084394217,-0.00016385317,-0.004286766,0.0,4
09-30-2019 16:07:59,-0.62249756,-0.5488739,9.463089,-0.0008793473,-0.002873361,-0.0024499893,0.0,4
09-30-2019 16:07:59,-0.6242981,-0.55067444,9.454102,0.0010469556,0.005094826,-0.0011711121,0.0,4
09-30-2019 16:07:59,-0.623703,-0.5488739,9.457108,-0.0019305348,-0.0003234744,-0.004781723,0.0,4
09-30-2019 16:07:59,-0.62667847,-0.557251,9.452316,0.00021559,-0.00060528517,-0.0011768341,0.0,4
09-30-2019 16:07:59,-0.6260834,-0.5518646,9.454697,0.004054427,-0.0026803613,-0.0047540665,0.0,4
09-30-2019 16:07:59,-0.6242981,-0.54408264,9.451111,-0.001167059,0.0018475652,-0.00035762787,0.0,4
09-30-2019 16:07:59,-0.63027954,-0.5578613,9.449326,0.0006002784,-1.9609928e-05,0.00056648254,0.0,4
09-30-2019 16:07:59,-0.628479,-0.5518646,9.451721,0.0031526685,-0.0012745857,0.0031728745,0.0,4
09-30-2019 16:07:59,-0.6248932,-0.5518646,9.44693,0.0018051863,-0.006476462,-0.0021982193,0.0,4
09-30-2019 16:07:59,-0.6201019,-0.557251,9.4457245,0.0027061105,0.00014156103,-0.0026578903,0.0,4
09-30-2019 16:07:59,-0.6290741,-0.5488739,9.454102,0.0005323291,0.0016372204,-0.0029554367,0.0,4
09-30-2019 16:07:59,-0.6242981,-0.55545044,9.449921,-0.00040584803,-0.00093489885,0.0007686615,0.0,4
09-30-2019 16:07:59,-0.6242981,-0.5518646,9.451706,0.0013049245,0.00052398443,-0.0014858246,0.0,4
09-30-2019 16:07:59,-0.620697,-0.5584564,9.455902,0.0030515194,-0.004464388,-0.00059604645,0.0,4
09-30-2019 16:07:59,-0.6254883,-0.5566559,9.444534,-0.001106143,-0.00024086237,0.0012254715,0.0,4
09-30-2019 16:07:59,-0.62428284,-0.5560608,9.44693,0.0023103356,-0.0034308434,-0.0047655106,0.0,4
09-30-2019 16:07:59,-0.6188965,-0.55426025,9.449326,0.00026619434,0.0046983957,-0.0015707016,0.0,4
09-30-2019 16:07:59,-0.6254883,-0.55366516,9.451111,0.0007671714,0.0014862418,0.00048351288,0.0,4
09-30-2019 16:07:59,-0.62309265,-0.5560608,9.44632,0.0013595223,0.0018669367,0.0007505417,0.0,4
09-30-2019 16:07:59,-0.6201019,-0.5566559,9.447525,-0.00023370981,-0.00010365248,-0.003071785,0.0,4
09-30-2019 16:07:59,-0.62309265,-0.5584564,9.447525,-0.0018994212,-0.0020036101,-2.3841858e-05,0.0,4
09-30-2019 16:07:59,-0.6254883,-0.5554657,9.44632,3.516674e-05,0.0025345683,-0.00082302094,0.0,4
09-30-2019 16:07:59,-0.61950684,-0.55784607,9.442734,-0.0027048588,7.104874e-05,-0.00054836273,0.0,4
09-30-2019 16:07:59,-0.62309265,-0.5554657,9.439743,0.0009728074,0.0009673238,0.0020914078,0.0,4
09-30-2019 16:07:59,-0.62190247,-0.5500641,9.44812,0.000107347965,0.00088471174,0.0009918213,0.0,4
09-30-2019 16:07:59,-0.61950684,-0.55366516,9.44632,0.00018554926,-1.9073486e-05,-0.001660347,0.0,4
09-30-2019 16:07:59,-0.6177063,-0.55307007,9.4457245,0.002364099,0.0024312139,0.0005302429,0.0,4
09-30-2019 16:07:59,-0.62190247,-0.5518646,9.443329,0.002378583,-0.0012549162,-0.00043201447,0.0,4
09-30-2019 16:07:59,-0.623703,-0.55366516,9.442734,0.00045365095,0.0040002465,0.0013399124,0.0,4
09-30-2019 16:07:59,-0.62309265,-0.55545044,9.441544,0.0017303228,0.003204167,-0.0010538101,0.0,4
09-30-2019 16:07:59,-0.6254883,-0.5518646,9.443329,0.0004181862,0.0009357333,0.0017518997,0.0,4
09-30-2019 16:07:59,-0.623703,-0.55366516,9.445129,0.0010210276,0.0010493398,-0.0016317368,0.0,4
09-30-2019 16:07:59,-0.623703,-0.55366516,9.445129,-0.0007981658,0.0008222461,-0.0034503937,0.0,4
09-30-2019 16:07:59,-0.620697,-0.5566559,9.44812,-0.0046107173,0.0032052398,0.00010967255,0.0,4
09-30-2019 16:07:59,-0.6248932,-0.5506592,9.440933,0.0022448897,-0.0036099553,-0.001502037,0.0,4
09-30-2019 16:07:59,-0.6213074,-0.5590515,9.445129,-0.0007188916,0.0016582608,0.0006093979,0.0,4
09-30-2019 16:07:59,-0.62309265,-0.55067444,9.445129,0.00023698807,0.0010475516,0.0012407303,0.0,4
09-30-2019 16:07:59,-0.62249756,-0.5590515,9.442734,0.0005592108,0.0037215352,0.004008293,0.0,4
09-30-2019 16:07:59,-0.6188965,-0.55485535,9.445129,0.0003464222,0.0018774867,-0.0001077652,0.0,4
09-30-2019 16:07:59,-0.6213074,-0.5506592,9.442734,-0.0029824376,-7.480383e-05,-0.0012083054,0.0,4
09-30-2019 16:07:59,-0.61891174,-0.55126953,9.443939,-0.00118047,0.0017730594,0.00034618378,0.0,4
09-30-2019 16:07:59,-0.62249756,-0.55366516,9.449326,-0.00298661,0.0030227304,-0.0005617142,0.0,4
09-30-2019 16:07:59,-0.6213074,-0.5560608,9.44693,-0.0016068816,0.0035935044,0.0024681091,0.0,4
09-30-2019 16:07:59,-0.61950684,-0.5524597,9.440338,0.0006225705,-0.0025307536,-0.0031232834,0.0,4
09-30-2019 16:07:59,-0.6254883,-0.55307007,9.440933,0.0012074709,-0.0026349425,0.0031461716,0.0,4
09-30-2019 16:07:59,-0.62368774,-0.552475,9.436752,-0.0008344054,0.0013972521,0.00046920776,0.0,4
09-30-2019 16:07:59,-0.62368774,-0.5596466,9.443924,-0.00011861324,0.00041782856,-0.00044822693,0.0,4
09-30-2019 16:07:59,-0.6248932,-0.55126953,9.443329,-0.0006521344,-0.0015078187,0.0032930374,0.0,4
09-30-2019 16:07:59,-0.62249756,-0.55366516,9.4457245,0.00034755468,0.001648128,0.0026426315,0.0,4
09-30-2019 16:07:59,-0.62190247,-0.55366516,9.442139,-0.00058084726,0.0009636283,0.001405716,0.0,4
09-30-2019 16:07:59,-0.620697,-0.5524597,9.44812,0.0011188388,0.000105559826,0.004527092,0.0,4
09-30-2019 16:07:59,-0.62190247,-0.5488739,9.4457245,-0.0024749637,0.0012021661,0.0018434525,0.0,4
09-30-2019 16:07:59,-0.62667847,-0.5524597,9.445129,0.0023365617,0.0048367977,0.010813713,0.0,4
09-30-2019 16:07:59,-0.6260834,-0.55307007,9.443329,-0.0049134493,0.00053977966,0.0027656555,0.0,4
09-30-2019 16:07:59,-0.62368774,-0.55426025,9.442734,0.0003579259,0.0015375018,0.003788948,0.0,4
09-30-2019 16:07:59,-0.6272888,-0.5464783,9.447525,-0.001640141,-0.0021095872,0.0021162033,0.0,4
09-30-2019 16:07:59,-0.6242981,-0.5500641,9.444534,-0.00090521574,-0.0023584962,0.0049791336,0.0,4
09-30-2019 16:07:59,-0.6260834,-0.55485535,9.443939,-0.0011450052,0.0027230382,0.0009069443,0.0,4
09-30-2019 16:07:59,-0.6248932,-0.5596466,9.443329,-0.0033100843,-0.00078707933,-0.0005578995,0.0,4
09-30-2019 16:07:59,-0.6212921,-0.55426025,9.44812,0.0017818809,0.00084763765,0.000831604,0.0,4
09-30-2019 16:07:59,-0.6272888,-0.5530548,9.442734,-0.0028941631,0.001842916,0.00056266785,0.0,4
09-30-2019 16:07:59,-0.62249756,-0.5566559,9.444534,0.0023101568,-0.00019556284,-0.005223274,0.0,4
09-30-2019 16:07:59,-0.62368774,-0.55366516,9.454697,-0.00029420853,0.00060516596,-0.0014972687,0.0,4
09-30-2019 16:07:59,-0.6242981,-0.55485535,9.448715,-0.0019121766,-0.0011070371,-0.0025720596,0.0,4
09-30-2019 16:07:59,-0.6248932,-0.55545044,9.44812,0.0006759763,-0.0017612576,0.0019025803,0.0,4
09-30-2019 16:07:59,-0.6248932,-0.5560608,9.451706,-0.00042158365,0.0005404353,0.0013074875,0.0,4
09-30-2019 16:07:59,-0.62309265,-0.5554657,9.456497,0.0020284057,-0.0007083416,-0.0015001297,0.0,4
09-30-2019 16:07:59,-0.62368774,-0.55307007,9.452911,-0.003254354,0.002393484,0.001033783,0.0,4
09-30-2019 16:07:59,-0.6254883,-0.5524597,9.464279,9.071827e-05,-0.0030962229,0.0007123947,0.0,4
09-30-2019 16:07:59,-0.6254883,-0.5500641,9.463089,-0.0008699298,-0.0021517873,0.0017576218,0.0,4
09-30-2019 16:07:59,-0.62968445,-0.5560608,9.459503,0.0020307302,0.0013816953,-0.0015792847,0.0,4
09-30-2019 16:07:59,-0.6248932,-0.5488739,9.46788,0.0022203326,0.0026175976,-0.0026664734,0.0,4
09-30-2019 16:07:59,-0.6248932,-0.5524597,9.46727,0.0043358207,0.0069119334,0.001036644,0.0,4
09-30-2019 16:07:59,-0.6278839,-0.5590515,9.46907,-0.0015565157,0.0017263293,-0.00248909,0.0,4
09-30-2019 16:07:59,-0.62667847,-0.55126953,9.463089,-0.00056785345,-0.00027877092,-0.0032453537,0.0,4
09-30-2019 16:07:59,-0.63027954,-0.5524597,9.462494,-0.00273031,-0.00045615435,-0.0005559921,0.0,4
09-30-2019 16:07:59,-0.63087463,-0.5524597,9.463684,-0.00191921,0.0008429885,0.00084400177,0.0,4
09-30-2019 16:07:59,-0.6266937,-0.55485535,9.46608,-0.00039982796,-0.0010553598,-0.0005598068,0.0,4
09-30-2019 16:07:59,-0.63087463,-0.55067444,9.462494,0.00064718723,0.00033825636,-0.0011405945,0.0,4
09-30-2019 16:07:59,-0.6278839,-0.5500641,9.461288,0.0013871789,0.0029835105,-0.0011091232,0.0,4
09-30-2019 16:07:59,-0.6260834,-0.55126953,9.460098,-0.0009763837,-0.00014448166,-0.002737999,0.0,4
09-30-2019 16:07:59,-0.6320648,-0.55007935,9.460098,-0.0030721426,0.004425347,0.0006046295,0.0,4
09-30-2019 16:07:59,-0.62968445,-0.5488739,9.458893,0.0018900037,0.00058686733,-0.0015192032,0.0,4
09-30-2019 16:07:59,-0.63087463,-0.5566559,9.460693,-0.0040481687,-0.0004969835,0.0034074783,0.0,4
09-30-2019 16:07:59,-0.63087463,-0.55366516,9.463089,-0.0025746226,-0.0020169616,-0.0016889572,0.0,4
09-30-2019 16:07:59,-0.63027954,-0.55366516,9.456497,-0.00013643503,0.0048956275,0.0013017654,0.0,4
09-30-2019 16:07:59,-0.6278839,-0.549469,9.463684,0.0012159348,-0.0015718341,-0.0026445389,0.0,4
09-30-2019 16:07:59,-0.6368561,-0.5482788,9.464279,0.0010380149,0.0045751333,0.0003232956,0.0,4
09-30-2019 16:07:59,-0.63446045,-0.5566559,9.458893,0.0029482245,0.0026990771,0.004627228,0.0,4
09-30-2019 16:07:59,-0.63087463,-0.5566559,9.463684,0.00088626146,0.005102575,-0.0016946793,0.0,4
09-30-2019 16:07:59,-0.6356659,-0.56085205,9.463684,0.0016106963,0.0049625635,-0.0014667511,0.0,4
09-30-2019 16:07:59,-0.628479,-0.55485535,9.455307,-0.0035025477,-0.00045353174,0.0022363663,0.0,4
09-30-2019 16:07:59,-0.6260834,-0.55426025,9.460098,0.00010603666,-0.00070142746,-0.00047969818,0.0,4
09-30-2019 16:07:59,-0.628479,-0.5518646,9.457703,0.0009927154,0.0049791336,0.00012302399,0.0,4
09-30-2019 16:07:59,-0.6254883,-0.5458832,9.460098,0.0023272038,0.0020977259,-0.0006952286,0.0,4
09-30-2019 16:07:59,-0.6326752,-0.5560608,9.456497,-0.0009164214,0.0015897155,0.0011873245,0.0,4
09-30-2019 16:07:59,-0.6278839,-0.5560608,9.450516,-0.0038882494,0.005131483,0.00044059753,0.0,4
09-30-2019 16:07:59,-0.63687134,-0.557251,9.457703,0.0021865368,-0.0009037852,0.0031404495,0.0,4
09-30-2019 16:07:59,-0.6314697,-0.5518646,9.455902,-0.003492713,0.001352489,-0.004207611,0.0,4
09-30-2019 16:07:59,-0.6326752,-0.5590515,9.460693,-0.00090557337,0.00044113398,0.00077056885,0.0,4
09-30-2019 16:08:00,-0.6272888,-0.5518646,9.459488,0.0018311143,0.002356708,0.0035648346,0.0,4
09-30-2019 16:08:00,-0.6248932,-0.55007935,9.460693,-0.0009263754,-0.0029856563,0.0027370453,0.0,4
09-30-2019 16:08:00,-0.6272888,-0.5482788,9.457703,0.0009403825,0.0025702715,0.0067186356,0.0,4
09-30-2019 16:08:00,-0.6266937,-0.55426025,9.458893,0.0035706162,7.945299e-05,0.0013122559,0.0,4
09-30-2019 16:08:00,-0.63027954,-0.5458832,9.46608,0.00054705143,0.0005424619,-0.0018701553,0.0,4
09-30-2019 16:08:00,-0.620697,-0.549469,9.464874,0.0002362132,0.0009419322,0.0019922256,0.0,4
09-30-2019 16:08:00,-0.62368774,-0.5560608,9.458298,0.00084394217,-0.00016385317,-0.004286766,0.0,4
09-30-2019 16:08:00,-0.62249756,-0.5488739,9.463089,-0.0008793473,-0.002873361,-0.0024499893,0.0,4
09-30-2019 16:08:00,-0.6242981,-0.55067444,9.454102,0.0010469556,0.005094826,-0.0011711121,0.0,4
09-30-2019 16:08:00,-0.623703,-0.5488739,9.457108,-0.0019305348,-0.0003234744,-0.004781723,0.0,4
09-30-2019 16:08:00,-0.62667847,-0.557251,9.452316,0.00021559,-0.00060528517,-0.0011768341,0.0,4
09-30-2019 16:08:00,-0.6260834,-0.5518646,9.454697,0.004054427,-0.0026803613,-0.0047540665,0.0,4
09-30-2019 16:08:00,-0.6242981,-0.54408264,9.451111,-0.001167059,0.0018475652,-0.00035762787,0.0,4
09-30-2019 16:08:00,-0.63027954,-0.5578613,9.449326,0.0006002784,-1.9609928e-05,0.00056648254,0.0,4
09-30-2019 16:08:00,-0.628479,-0.5518646,9.451721,0.0031526685,-0.0012745857,0.0031728745,0.0,4
09-30-2019 16:08:00,-0.6248932,-0.5518646,9.44693,0.0018051863,-0.006476462,-0.0021982193,0.0,4
09-30-2019 16:08:00,-0.6201019,-0.557251,9.4457245,0.0027061105,0.00014156103,-0.0026578903,0.0,4
09-30-2019 16:08:00,-0.6290741,-0.5488739,9.454102,0.0005323291,0.0016372204,-0.0029554367,0.0,4
09-30-2019 16:08:00,-0.6242981,-0.55545044,9.449921,-0.00040584803,-0.00093489885,0.0007686615,0.0,4
09-30-2019 16:08:00,-0.6242981,-0.5518646,9.451706,0.0013049245,0.00052398443,-0.0014858246,0.0,4
09-30-2019 16:08:00,-0.620697,-0.5584564,9.455902,0.0030515194,-0.004464388,-0.00059604645,0.0,4
09-30-2019 16:08:00,-0.6254883,-0.5566559,9.444534,-0.001106143,-0.00024086237,0.0012254715,0.0,4
09-30-2019 16:08:00,-0.62428284,-0.5560608,9.44693,0.0023103356,-0.0034308434,-0.0047655106,0.0,4
09-30-2019 16:08:00,-0.6188965,-0.55426025,9.449326,0.00026619434,0.0046983957,-0.0015707016,0.0,4
09-30-2019 16:08:00,-0.6254883,-0.55366516,9.451111,0.0007671714,0.0014862418,0.00048351288,0.0,4
09-30-2019 16:08:00,-0.62309265,-0.5560608,9.44632,0.0013595223,0.0018669367,0.0007505417,0.0,4
09-30-2019 16:08:00,-0.6201019,-0.5566559,9.447525,-0.00023370981,-0.00010365248,-0.003071785,0.0,4
09-30-2019 16:08:00,-0.62309265,-0.5584564,9.447525,-0.0018994212,-0.0020036101,-2.3841858e-05,0.0,4
09-30-2019 16:08:00,-0.6254883,-0.5554657,9.44632,3.516674e-05,0.0025345683,-0.00082302094,0.0,4
09-30-2019 16:08:00,-0.61950684,-0.55784607,9.442734,-0.0027048588,7.104874e-05,-0.00054836273,0.0,4
09-30-2019 16:08:00,-0.62309265,-0.5554657,9.439743,0.0009728074,0.0009673238,0.0020914078,0.0,4
09-30-2019 16:08:00,-0.62190247,-0.5500641,9.44812,0.000107347965,0.00088471174,0.0009918213,0.0,4
09-30-2019 16:08:00,-0.61950684,-0.55366516,9.44632,0.00018554926,-1.9073486e-05,-0.001660347,0.0,4
09-30-2019 16:08:00,-0.6177063,-0.55307007,9.4457245,0.002364099,0.0024312139,0.0005302429,0.0,4
09-30-2019 16:08:00,-0.62190247,-0.5518646,9.443329,0.002378583,-0.0012549162,-0.00043201447,0.0,4
09-30-2019 16:08:00,-0.623703,-0.55366516,9.442734,0.00045365095,0.0040002465,0.0013399124,0.0,4
09-30-2019 16:08:00,-0.62309265,-0.55545044,9.441544,0.0017303228,0.003204167,-0.0010538101,0.0,4
09-30-2019 16:08:00,-0.6254883,-0.5518646,9.443329,0.0004181862,0.0009357333,0.0017518997,0.0,4
09-30-2019 16:08:00,-0.623703,-0.55366516,9.445129,0.0010210276,0.0010493398,-0.0016317368,0.0,4
09-30-2019 16:08:00,-0.623703,-0.55366516,9.445129,-0.0007981658,0.0008222461,-0.0034503937,0.0,4
09-30-2019 16:08:00,-0.620697,-0.5566559,9.44812,-0.0046107173,0.0032052398,0.00010967255,0.0,4
09-30-2019 16:08:00,-0.6248932,-0.5506592,9.440933,0.0022448897,-0.0036099553,-0.001502037,0.0,4
09-30-2019 16:08:00,-0.6213074,-0.5590515,9.445129,-0.0007188916,0.0016582608,0.0006093979,0.0,4
09-30-2019 16:08:00,-0.62309265,-0.55067444,9.445129,0.00023698807,0.0010475516,0.0012407303,0.0,4
09-30-2019 16:08:00,-0.62249756,-0.5590515,9.442734,0.0005592108,0.0037215352,0.004008293,0.0,4
09-30-2019 16:08:00,-0.6188965,-0.55485535,9.445129,0.0003464222,0.0018774867,-0.0001077652,0.0,4
09-30-2019 16:08:00,-0.6213074,-0.5506592,9.442734,-0.0029824376,-7.480383e-05,-0.0012083054,0.0,4
09-30-2019 16:08:00,-0.61891174,-0.55126953,9.443939,-0.00118047,0.0017730594,0.00034618378,0.0,4
09-30-2019 16:08:00,-0.62249756,-0.55366516,9.449326,-0.00298661,0.0030227304,-0.0005617142,0.0,4
09-30-2019 16:08:00,-0.6213074,-0.5560608,9.44693,-0.0016068816,0.0035935044,0.0024681091,0.0,4
09-30-2019 16:08:00,-0.61950684,-0.5524597,9.440338,0.0006225705,-0.0025307536,-0.0031232834,0.0,4
09-30-2019 16:08:00,-0.6254883,-0.55307007,9.440933,0.0012074709,-0.0026349425,0.0031461716,0.0,4
09-30-2019 16:08:00,-0.62368774,-0.552475,9.436752,-0.0008344054,0.0013972521,0.00046920776,0.0,4
09-30-2019 16:08:00,-0.62368774,-0.5596466,9.443924,-0.00011861324,0.00041782856,-0.00044822693,0.0,4
09-30-2019 16:08:00,-0.6248932,-0.55126953,9.443329,-0.0006521344,-0.0015078187,0.0032930374,0.0,4
09-30-2019 16:08:00,-0.62249756,-0.55366516,9.4457245,0.00034755468,0.001648128,0.0026426315,0.0,4
09-30-2019 16:08:00,-0.62190247,-0.55366516,9.442139,-0.00058084726,0.0009636283,0.001405716,0.0,4
09-30-2019 16:08:00,-0.620697,-0.5524597,9.44812,0.0011188388,0.000105559826,0.004527092,0.0,4
09-30-2019 16:08:00,-0.62190247,-0.5488739,9.4457245,-0.0024749637,0.0012021661,0.0018434525,0.0,4
09-30-2019 16:08:00,-0.62667847,-0.5524597,9.445129,0.0023365617,0.0048367977,0.010813713,0.0,4
09-30-2019 16:08:00,-0.6260834,-0.55307007,9.443329,-0.0049134493,0.00053977966,0.0027656555,0.0,4
09-30-2019 16:08:00,-0.62368774,-0.55426025,9.442734,0.0003579259,0.0015375018,0.003788948,0.0,4
09-30-2019 16:08:00,-0.6272888,-0.5464783,9.447525,-0.001640141,-0.0021095872,0.0021162033,0.0,4
09-30-2019 16:08:00,-0.6242981,-0.5500641,9.444534,-0.00090521574,-0.0023584962,0.0049791336,0.0,4
09-30-2019 16:08:00,-0.6260834,-0.55485535,9.443939,-0.0011450052,0.0027230382,0.0009069443,0.0,4
09-30-2019 16:08:00,-0.6248932,-0.5596466,9.443329,-0.0033100843,-0.00078707933,-0.0005578995,0.0,4
09-30-2019 16:08:00,-0.6212921,-0.55426025,9.44812,0.0017818809,0.00084763765,0.000831604,0.0,4
09-30-2019 16:08:00,-0.6272888,-0.5530548,9.442734,-0.0028941631,0.001842916,0.00056266785,0.0,4
09-30-2019 16:08:00,-0.62249756,-0.5566559,9.444534,0.0023101568,-0.00019556284,-0.005223274,0.0,4
09-30-2019 16:08:00,-0.62368774,-0.55366516,9.454697,-0.00029420853,0.00060516596,-0.0014972687,0.0,4
09-30-2019 16:08:00,-0.6242981,-0.55485535,9.448715,-0.0019121766,-0.0011070371,-0.0025720596,0.0,4
09-30-2019 16:08:00,-0.6248932,-0.55545044,9.44812,0.0006759763,-0.0017612576,0.0019025803,0.0,4
09-30-2019 16:08:00,-0.6248932,-0.5560608,9.451706,-0.00042158365,0.0005404353,0.0013074875,0.0,4
09-30-2019 16:08:00,-0.62309265,-0.5554657,9.456497,0.0020284057,-0.0007083416,-0.0015001297,0.0,4
09-30-2019 16:08:00,-0.62368774,-0.55307007,9.452911,-0.003254354,0.002393484,0.001033783,0.0,4
09-30-2019 16:08:00,-0.6254883,-0.5524597,9.464279,9.071827e-05,-0.0030962229,0.0007123947,0.0,4
09-30-2019 16:08:00,-0.6254883,-0.5500641,9.463089,-0.0008699298,-0.0021517873,0.0017576218,0.0,4
09-30-2019 16:08:00,-0.62968445,-0.5560608,9.459503,0.0020307302,0.0013816953,-0.0015792847,0.0,4
09-30-2019 16:08:00,-0.6248932,-0.5488739,9.46788,0.0022203326,0.0026175976,-0.0026664734,0.0,4
09-30-2019 16:08:00,-0.6248932,-0.5524597,9.46727,0.0043358207,0.0069119334,0.001036644,0.0,4
09-30-2019 16:08:00,-0.6278839,-0.5590515,9.46907,-0.0015565157,0.0017263293,-0.00248909,0.0,4
09-30-2019 16:08:00,-0.62667847,-0.55126953,9.463089,-0.00056785345,-0.00027877092,-0.0032453537,0.0,4
09-30-2019 16:08:00,-0.63027954,-0.5524597,9.462494,-0.00273031,-0.00045615435,-0.0005559921,0.0,4
09-30-2019 16:08:00,-0.63087463,-0.5524597,9.463684,-0.00191921,0.0008429885,0.00084400177,0.0,4
09-30-2019 16:08:00,-0.6266937,-0.55485535,9.46608,-0.00039982796,-0.0010553598,-0.0005598068,0.0,4
09-30-2019 16:08:00,-0.63087463,-0.55067444,9.462494,0.00064718723,0.00033825636,-0.0011405945,0.0,4
09-30-2019 16:08:00,-0.6278839,-0.5500641,9.461288,0.0013871789,0.0029835105,-0.0011091232,0.0,4
09-30-2019 16:08:00,-0.6260834,-0.55126953,9.460098,-0.0009763837,-0.00014448166,-0.002737999,0.0,4
09-30-2019 16:08:00,-0.6320648,-0.55007935,9.460098,-0.0030721426,0.004425347,0.0006046295,0.0,4
09-30-2019 16:08:00,-0.62968445,-0.5488739,9.458893,0.0018900037,0.00058686733,-0.0015192032,0.0,4
09-30-2019 16:08:00,-0.63087463,-0.5566559,9.460693,-0.0040481687,-0.0004969835,0.0034074783,0.0,4
09-30-2019 16:08:00,-0.63087463,-0.55366516,9.463089,-0.0025746226,-0.0020169616,-0.0016889572,0.0,4
09-30-2019 16:08:00,-0.63027954,-0.55366516,9.456497,-0.00013643503,0.0048956275,0.0013017654,0.0,4
09-30-2019 16:08:00,-0.6278839,-0.549469,9.463684,0.0012159348,-0.0015718341,-0.0026445389,0.0,4
09-30-2019 16:08:00,-0.6368561,-0.5482788,9.464279,0.0010380149,0.0045751333,0.0003232956,0.0,4
09-30-2019 16:08:00,-0.63446045,-0.5566559,9.458893,0.0029482245,0.0026990771,0.004627228,0.0,4
09-30-2019 16:08:00,-0.63087463,-0.5566559,9.463684,0.00088626146,0.005102575,-0.0016946793,0.0,4
09-30-2019 16:08:00,-0.6356659,-0.56085205,9.463684,0.0016106963,0.0049625635,-0.0014667511,0.0,4
09-30-2019 16:08:00,-0.628479,-0.55485535,9.455307,-0.0035025477,-0.00045353174,0.0022363663,0.0,4
09-30-2019 16:08:00,-0.6260834,-0.55426025,9.460098,0.00010603666,-0.00070142746,-0.00047969818,0.0,4
09-30-2019 16:08:00,-0.628479,-0.5518646,9.457703,0.0009927154,0.0049791336,0.00012302399,0.0,4
09-30-2019 16:08:00,-0.6254883,-0.5458832,9.460098,0.0023272038,0.0020977259,-0.0006952286,0.0,4
09-30-2019 16:08:00,-0.6326752,-0.5560608,9.456497,-0.0009164214,0.0015897155,0.0011873245,0.0,4
09-30-2019 16:08:00,-0.6278839,-0.5560608,9.450516,-0.0038882494,0.005131483,0.00044059753,0.0,4
09-30-2019 16:08:00,-0.63687134,-0.557251,9.457703,0.0021865368,-0.0009037852,0.0031404495,0.0,4
09-30-2019 16:08:00,-0.6314697,-0.5518646,9.455902,-0.003492713,0.001352489,-0.004207611,0.0,4
09-30-2019 16:08:00,-0.6326752,-0.5590515,9.460693,-0.00090557337,0.00044113398,0.00077056885,0.0,4
09-30-2019 16:08:00,-0.6326752,-0.55426025,9.458298,-0.0031372905,0.0014720559,-0.00269413,0.0,4
09-30-2019 16:08:00,-0.63327026,-0.5584564,9.452911,-0.0032850504,-0.0004426241,-0.0049467087,0.0,4
09-30-2019 16:08:00,-0.6326752,-0.5530548,9.456497,-0.0020539165,0.0030608177,0.000705719,0.0,4
09-30-2019 16:08:00,-0.63386536,-0.55307007,9.454102,-0.0009685755,0.0012111068,0.0024576187,0.0,4
09-30-2019 16:08:00,-0.6356659,-0.55784607,9.454697,-0.0007777214,-0.0022105575,-0.0019035339,0.0,4
09-30-2019 16:08:00,-0.6350708,-0.5488739,9.455307,-0.0015924573,0.0038282275,0.002360344,0.0,4
09-30-2019 16:08:00,-0.6278839,-0.5554657,9.451721,-0.0011242032,0.00019234419,-0.0019721985,0.0,4
09-30-2019 16:08:00,-0.63386536,-0.5578613,9.454712,0.00056761503,0.0035040379,-0.0036764145,0.0,4
09-30-2019 16:08:02,-0.6272888,-0.5518646,9.459488,0.0018311143,0.002356708,0.0035648346,0.0,3
09-30-2019 16:08:02,-0.6248932,-0.55007935,9.460693,-0.0009263754,-0.0029856563,0.0027370453,0.0,3
09-30-2019 16:08:02,-0.6272888,-0.5482788,9.457703,0.0009403825,0.0025702715,0.0067186356,0.0,3
09-30-2019 16:08:02,-0.6266937,-0.55426025,9.458893,0.0035706162,7.945299e-05,0.0013122559,0.0,3
09-30-2019 16:08:02,-0.63027954,-0.5458832,9.46608,0.00054705143,0.0005424619,-0.0018701553,0.0,3
09-30-2019 16:08:02,-0.620697,-0.549469,9.464874,0.0002362132,0.0009419322,0.0019922256,0.0,3
09-30-2019 16:08:02,-0.62368774,-0.5560608,9.458298,0.00084394217,-0.00016385317,-0.004286766,0.0,3
09-30-2019 16:08:02,-0.62249756,-0.5488739,9.463089,-0.0008793473,-0.002873361,-0.0024499893,0.0,3
09-30-2019 16:08:02,-0.6242981,-0.55067444,9.454102,0.0010469556,0.005094826,-0.0011711121,0.0,3
09-30-2019 16:08:02,-0.623703,-0.5488739,9.457108,-0.0019305348,-0.0003234744,-0.004781723,0.0,3
09-30-2019 16:08:02,-0.62667847,-0.557251,9.452316,0.00021559,-0.00060528517,-0.0011768341,0.0,3
09-30-2019 16:08:02,-0.6260834,-0.5518646,9.454697,0.004054427,-0.0026803613,-0.0047540665,0.0,3
09-30-2019 16:08:02,-0.6242981,-0.54408264,9.451111,-0.001167059,0.0018475652,-0.00035762787,0.0,3
09-30-2019 16:08:02,-0.63027954,-0.5578613,9.449326,0.0006002784,-1.9609928e-05,0.00056648254,0.0,3
09-30-2019 16:08:02,-0.628479,-0.5518646,9.451721,0.0031526685,-0.0012745857,0.0031728745,0.0,3
09-30-2019 16:08:02,-0.6248932,-0.5518646,9.44693,0.0018051863,-0.006476462,-0.0021982193,0.0,3
09-30-2019 16:08:02,-0.6201019,-0.557251,9.4457245,0.0027061105,0.00014156103,-0.0026578903,0.0,3
09-30-2019 16:08:02,-0.6290741,-0.5488739,9.454102,0.0005323291,0.0016372204,-0.0029554367,0.0,3
09-30-2019 16:08:02,-0.6242981,-0.55545044,9.449921,-0.00040584803,-0.00093489885,0.0007686615,0.0,3
09-30-2019 16:08:02,-0.6242981,-0.5518646,9.451706,0.0013049245,0.00052398443,-0.0014858246,0.0,3
09-30-2019 16:08:02,-0.620697,-0.5584564,9.455902,0.0030515194,-0.004464388,-0.00059604645,0.0,3
09-30-2019 16:08:02,-0.6254883,-0.5566559,9.444534,-0.001106143,-0.00024086237,0.0012254715,0.0,3
09-30-2019 16:08:02,-0.62428284,-0.5560608,9.44693,0.0023103356,-0.0034308434,-0.0047655106,0.0,3
09-30-2019 16:08:02,-0.6188965,-0.55426025,9.449326,0.00026619434,0.0046983957,-0.0015707016,0.0,3
09-30-2019 16:08:02,-0.6254883,-0.55366516,9.451111,0.0007671714,0.0014862418,0.00048351288,0.0,3
09-30-2019 16:08:02,-0.62309265,-0.5560608,9.44632,0.0013595223,0.0018669367,0.0007505417,0.0,3
09-30-2019 16:08:02,-0.6201019,-0.5566559,9.447525,-0.00023370981,-0.00010365248,-0.003071785,0.0,3
09-30-2019 16:08:02,-0.62309265,-0.5584564,9.447525,-0.0018994212,-0.0020036101,-2.3841858e-05,0.0,3
09-30-2019 16:08:02,-0.6254883,-0.5554657,9.44632,3.516674e-05,0.0025345683,-0.00082302094,0.0,3
09-30-2019 16:08:02,-0.61950684,-0.55784607,9.442734,-0.0027048588,7.104874e-05,-0.00054836273,0.0,3
09-30-2019 16:08:02,-0.62309265,-0.5554657,9.439743,0.0009728074,0.0009673238,0.0020914078,0.0,3
09-30-2019 16:08:02,-0.62190247,-0.5500641,9.44812,0.000107347965,0.00088471174,0.0009918213,0.0,3
09-30-2019 16:08:02,-0.61950684,-0.55366516,9.44632,0.00018554926,-1.9073486e-05,-0.001660347,0.0,3
09-30-2019 16:08:02,-0.6177063,-0.55307007,9.4457245,0.002364099,0.0024312139,0.0005302429,0.0,3
09-30-2019 16:08:02,-0.62190247,-0.5518646,9.443329,0.002378583,-0.0012549162,-0.00043201447,0.0,3
09-30-2019 16:08:02,-0.623703,-0.55366516,9.442734,0.00045365095,0.0040002465,0.0013399124,0.0,3
09-30-2019 16:08:02,-0.62309265,-0.55545044,9.441544,0.0017303228,0.003204167,-0.0010538101,0.0,3
09-30-2019 16:08:02,-0.6254883,-0.5518646,9.443329,0.0004181862,0.0009357333,0.0017518997,0.0,3
09-30-2019 16:08:02,-0.623703,-0.55366516,9.445129,0.0010210276,0.0010493398,-0.0016317368,0.0,3
09-30-2019 16:08:02,-0.623703,-0.55366516,9.445129,-0.0007981658,0.0008222461,-0.0034503937,0.0,3
09-30-2019 16:08:02,-0.620697,-0.5566559,9.44812,-0.0046107173,0.0032052398,0.00010967255,0.0,3
09-30-2019 16:08:02,-0.6248932,-0.5506592,9.440933,0.0022448897,-0.0036099553,-0.001502037,0.0,3
09-30-2019 16:08:02,-0.6213074,-0.5590515,9.445129,-0.0007188916,0.0016582608,0.0006093979,0.0,3
09-30-2019 16:08:02,-0.62309265,-0.55067444,9.445129,0.00023698807,0.0010475516,0.0012407303,0.0,3
09-30-2019 16:08:02,-0.62249756,-0.5590515,9.442734,0.0005592108,0.0037215352,0.004008293,0.0,3
09-30-2019 16:08:02,-0.6188965,-0.55485535,9.445129,0.0003464222,0.0018774867,-0.0001077652,0.0,3
09-30-2019 16:08:02,-0.6213074,-0.5506592,9.442734,-0.0029824376,-7.480383e-05,-0.0012083054,0.0,3
09-30-2019 16:08:02,-0.61891174,-0.55126953,9.443939,-0.00118047,0.0017730594,0.00034618378,0.0,3
09-30-2019 16:08:02,-0.62249756,-0.55366516,9.449326,-0.00298661,0.0030227304,-0.0005617142,0.0,3
09-30-2019 16:08:02,-0.6213074,-0.5560608,9.44693,-0.0016068816,0.0035935044,0.0024681091,0.0,3
09-30-2019 16:08:02,-0.61950684,-0.5524597,9.440338,0.0006225705,-0.0025307536,-0.0031232834,0.0,3
09-30-2019 16:08:02,-0.6254883,-0.55307007,9.440933,0.0012074709,-0.0026349425,0.0031461716,0.0,3
09-30-2019 16:08:02,-0.62368774,-0.552475,9.436752,-0.0008344054,0.0013972521,0.00046920776,0.0,3
09-30-2019 16:08:02,-0.62368774,-0.5596466,9.443924,-0.00011861324,0.00041782856,-0.00044822693,0.0,3
09-30-2019 16:08:02,-0.6248932,-0.55126953,9.443329,-0.0006521344,-0.0015078187,0.0032930374,0.0,3
09-30-2019 16:08:02,-0.62249756,-0.55366516,9.4457245,0.00034755468,0.001648128,0.0026426315,0.0,3
09-30-2019 16:08:02,-0.62190247,-0.55366516,9.442139,-0.00058084726,0.0009636283,0.001405716,0.0,3
09-30-2019 16:08:02,-0.620697,-0.5524597,9.44812,0.0011188388,0.000105559826,0.004527092,0.0,3
09-30-2019 16:08:02,-0.62190247,-0.5488739,9.4457245,-0.0024749637,0.0012021661,0.0018434525,0.0,3
09-30-2019 16:08:02,-0.62667847,-0.5524597,9.445129,0.0023365617,0.0048367977,0.010813713,0.0,3
09-30-2019 16:08:02,-0.6260834,-0.55307007,9.443329,-0.0049134493,0.00053977966,0.0027656555,0.0,3
09-30-2019 16:08:02,-0.62368774,-0.55426025,9.442734,0.0003579259,0.0015375018,0.003788948,0.0,3
09-30-2019 16:08:02,-0.6272888,-0.5464783,9.447525,-0.001640141,-0.0021095872,0.0021162033,0.0,3
09-30-2019 16:08:02,-0.6242981,-0.5500641,9.444534,-0.00090521574,-0.0023584962,0.0049791336,0.0,3
09-30-2019 16:08:02,-0.6260834,-0.55485535,9.443939,-0.0011450052,0.0027230382,0.0009069443,0.0,3
09-30-2019 16:08:02,-0.6248932,-0.5596466,9.443329,-0.0033100843,-0.00078707933,-0.0005578995,0.0,3
09-30-2019 16:08:02,-0.6212921,-0.55426025,9.44812,0.0017818809,0.00084763765,0.000831604,0.0,3
09-30-2019 16:08:02,-0.6272888,-0.5530548,9.442734,-0.0028941631,0.001842916,0.00056266785,0.0,3
09-30-2019 16:08:02,-0.62249756,-0.5566559,9.444534,0.0023101568,-0.00019556284,-0.005223274,0.0,3
09-30-2019 16:08:02,-0.62368774,-0.55366516,9.454697,-0.00029420853,0.00060516596,-0.0014972687,0.0,3
09-30-2019 16:08:02,-0.6242981,-0.55485535,9.448715,-0.0019121766,-0.0011070371,-0.0025720596,0.0,3
09-30-2019 16:08:02,-0.6248932,-0.55545044,9.44812,0.0006759763,-0.0017612576,0.0019025803,0.0,3
09-30-2019 16:08:02,-0.6248932,-0.5560608,9.451706,-0.00042158365,0.0005404353,0.0013074875,0.0,3
09-30-2019 16:08:02,-0.62309265,-0.5554657,9.456497,0.0020284057,-0.0007083416,-0.0015001297,0.0,3
09-30-2019 16:08:02,-0.62368774,-0.55307007,9.452911,-0.003254354,0.002393484,0.001033783,0.0,3
09-30-2019 16:08:02,-0.6254883,-0.5524597,9.464279,9.071827e-05,-0.0030962229,0.0007123947,0.0,3
09-30-2019 16:08:02,-0.6254883,-0.5500641,9.463089,-0.0008699298,-0.0021517873,0.0017576218,0.0,3
09-30-2019 16:08:02,-0.62968445,-0.5560608,9.459503,0.0020307302,0.0013816953,-0.0015792847,0.0,3
09-30-2019 16:08:02,-0.6248932,-0.5488739,9.46788,0.0022203326,0.0026175976,-0.0026664734,0.0,3
09-30-2019 16:08:02,-0.6248932,-0.5524597,9.46727,0.0043358207,0.0069119334,0.001036644,0.0,3
09-30-2019 16:08:02,-0.6278839,-0.5590515,9.46907,-0.0015565157,0.0017263293,-0.00248909,0.0,3
09-30-2019 16:08:02,-0.62667847,-0.55126953,9.463089,-0.00056785345,-0.00027877092,-0.0032453537,0.0,3
09-30-2019 16:08:02,-0.63027954,-0.5524597,9.462494,-0.00273031,-0.00045615435,-0.0005559921,0.0,3
09-30-2019 16:08:02,-0.63087463,-0.5524597,9.463684,-0.00191921,0.0008429885,0.00084400177,0.0,3
09-30-2019 16:08:02,-0.6266937,-0.55485535,9.46608,-0.00039982796,-0.0010553598,-0.0005598068,0.0,3
09-30-2019 16:08:02,-0.63087463,-0.55067444,9.462494,0.00064718723,0.00033825636,-0.0011405945,0.0,3
09-30-2019 16:08:02,-0.6278839,-0.5500641,9.461288,0.0013871789,0.0029835105,-0.0011091232,0.0,3
09-30-2019 16:08:02,-0.6260834,-0.55126953,9.460098,-0.0009763837,-0.00014448166,-0.002737999,0.0,3
09-30-2019 16:08:02,-0.6320648,-0.55007935,9.460098,-0.0030721426,0.004425347,0.0006046295,0.0,3
09-30-2019 16:08:02,-0.62968445,-0.5488739,9.458893,0.0018900037,0.00058686733,-0.0015192032,0.0,3
09-30-2019 16:08:02,-0.63087463,-0.5566559,9.460693,-0.0040481687,-0.0004969835,0.0034074783,0.0,3
09-30-2019 16:08:02,-0.63087463,-0.55366516,9.463089,-0.0025746226,-0.0020169616,-0.0016889572,0.0,3
09-30-2019 16:08:02,-0.63027954,-0.55366516,9.456497,-0.00013643503,0.0048956275,0.0013017654,0.0,3
09-30-2019 16:08:02,-0.6278839,-0.549469,9.463684,0.0012159348,-0.0015718341,-0.0026445389,0.0,3
09-30-2019 16:08:02,-0.6368561,-0.5482788,9.464279,0.0010380149,0.0045751333,0.0003232956,0.0,3
09-30-2019 16:08:02,-0.63446045,-0.5566559,9.458893,0.0029482245,0.0026990771,0.004627228,0.0,3
09-30-2019 16:08:02,-0.63087463,-0.5566559,9.463684,0.00088626146,0.005102575,-0.0016946793,0.0,3
09-30-2019 16:08:02,-0.6356659,-0.56085205,9.463684,0.0016106963,0.0049625635,-0.0014667511,0.0,3
09-30-2019 16:08:02,-0.628479,-0.55485535,9.455307,-0.0035025477,-0.00045353174,0.0022363663,0.0,3
09-30-2019 16:08:02,-0.6260834,-0.55426025,9.460098,0.00010603666,-0.00070142746,-0.00047969818,0.0,3
09-30-2019 16:08:02,-0.628479,-0.5518646,9.457703,0.0009927154,0.0049791336,0.00012302399,0.0,3
09-30-2019 16:08:02,-0.6254883,-0.5458832,9.460098,0.0023272038,0.0020977259,-0.0006952286,0.0,3
09-30-2019 16:08:02,-0.6326752,-0.5560608,9.456497,-0.0009164214,0.0015897155,0.0011873245,0.0,3
09-30-2019 16:08:02,-0.6278839,-0.5560608,9.450516,-0.0038882494,0.005131483,0.00044059753,0.0,3
09-30-2019 16:08:02,-0.63687134,-0.557251,9.457703,0.0021865368,-0.0009037852,0.0031404495,0.0,3
09-30-2019 16:08:02,-0.6314697,-0.5518646,9.455902,-0.003492713,0.001352489,-0.004207611,0.0,3
09-30-2019 16:08:02,-0.6326752,-0.5590515,9.460693,-0.00090557337,0.00044113398,0.00077056885,0.0,3
09-30-2019 16:08:02,-0.6326752,-0.55426025,9.458298,-0.0031372905,0.0014720559,-0.00269413,0.0,3
09-30-2019 16:08:02,-0.63327026,-0.5584564,9.452911,-0.0032850504,-0.0004426241,-0.0049467087,0.0,3
09-30-2019 16:08:02,-0.6326752,-0.5530548,9.456497,-0.0020539165,0.0030608177,0.000705719,0.0,3
09-30-2019 16:08:02,-0.63386536,-0.55307007,9.454102,-0.0009685755,0.0012111068,0.0024576187,0.0,3
09-30-2019 16:08:02,-0.6356659,-0.55784607,9.454697,-0.0007777214,-0.0022105575,-0.0019035339,0.0,3
09-30-2019 16:08:02,-0.6350708,-0.5488739,9.455307,-0.0015924573,0.0038282275,0.002360344,0.0,3
09-30-2019 16:08:02,-0.6278839,-0.5554657,9.451721,-0.0011242032,0.00019234419,-0.0019721985,0.0,3
09-30-2019 16:08:02,-0.63386536,-0.5578613,9.454712,0.00056761503,0.0035040379,-0.0036764145,0.0,3
09-30-2019 16:08:02,-0.6380615,-0.5596466,9.454102,-0.0029560924,0.004392445,-0.0027799606,0.0,3
09-30-2019 16:08:02,-0.64164734,-0.5554657,9.457703,-0.0009830594,0.0032445788,0.00056552887,0.0,3
09-30-2019 16:08:02,-0.63746643,-0.55545044,9.454697,0.0010760427,-0.00085920095,-0.003941536,0.0,3
09-30-2019 16:08:02,-0.6386566,-0.5566559,9.452911,0.0014874339,0.002174437,-0.0017547607,0.0,3
09-30-2019 16:08:02,-0.63446045,-0.5560608,9.453506,-0.0031324625,0.0016984344,-0.0035448074,0.0,3
09-30-2019 16:08:02,-0.63687134,-0.5500641,9.460098,0.0017663836,0.002241671,0.0020914078,0.0,3
09-30-2019 16:08:02,-0.6326752,-0.55485535,9.454697,0.00046426058,0.007448852,-0.0013246536,0.0,3
09-30-2019 16:08:03,-0.6272888,-0.5518646,9.459488,0.0018311143,0.002356708,0.0035648346,0.0,2
09-30-2019 16:08:03,-0.6248932,-0.55007935,9.460693,-0.0009263754,-0.0029856563,0.0027370453,0.0,2
09-30-2019 16:08:03,-0.6272888,-0.5482788,9.457703,0.0009403825,0.0025702715,0.0067186356,0.0,2
09-30-2019 16:08:03,-0.6266937,-0.55426025,9.458893,0.0035706162,7.945299e-05,0.0013122559,0.0,2
09-30-2019 16:08:03,-0.63027954,-0.5458832,9.46608,0.00054705143,0.0005424619,-0.0018701553,0.0,2
09-30-2019 16:08:03,-0.620697,-0.549469,9.464874,0.0002362132,0.0009419322,0.0019922256,0.0,2
09-30-2019 16:08:03,-0.62368774,-0.5560608,9.458298,0.00084394217,-0.00016385317,-0.004286766,0.0,2
09-30-2019 16:08:03,-0.62249756,-0.5488739,9.463089,-0.0008793473,-0.002873361,-0.0024499893,0.0,2
09-30-2019 16:08:03,-0.6242981,-0.55067444,9.454102,0.0010469556,0.005094826,-0.0011711121,0.0,2
09-30-2019 16:08:03,-0.623703,-0.5488739,9.457108,-0.0019305348,-0.0003234744,-0.004781723,0.0,2
09-30-2019 16:08:03,-0.62667847,-0.557251,9.452316,0.00021559,-0.00060528517,-0.0011768341,0.0,2
09-30-2019 16:08:03,-0.6260834,-0.5518646,9.454697,0.004054427,-0.0026803613,-0.0047540665,0.0,2
09-30-2019 16:08:03,-0.6242981,-0.54408264,9.451111,-0.001167059,0.0018475652,-0.00035762787,0.0,2
09-30-2019 16:08:03,-0.63027954,-0.5578613,9.449326,0.0006002784,-1.9609928e-05,0.00056648254,0.0,2
09-30-2019 16:08:03,-0.628479,-0.5518646,9.451721,0.0031526685,-0.0012745857,0.0031728745,0.0,2
09-30-2019 16:08:03,-0.6248932,-0.5518646,9.44693,0.0018051863,-0.006476462,-0.0021982193,0.0,2
09-30-2019 16:08:03,-0.6201019,-0.557251,9.4457245,0.0027061105,0.00014156103,-0.0026578903,0.0,2
09-30-2019 16:08:03,-0.6290741,-0.5488739,9.454102,0.0005323291,0.0016372204,-0.0029554367,0.0,2
09-30-2019 16:08:03,-0.6242981,-0.55545044,9.449921,-0.00040584803,-0.00093489885,0.0007686615,0.0,2
09-30-2019 16:08:03,-0.6242981,-0.5518646,9.451706,0.0013049245,0.00052398443,-0.0014858246,0.0,2
09-30-2019 16:08:03,-0.620697,-0.5584564,9.455902,0.0030515194,-0.004464388,-0.00059604645,0.0,2
09-30-2019 16:08:03,-0.6254883,-0.5566559,9.444534,-0.001106143,-0.00024086237,0.0012254715,0.0,2
09-30-2019 16:08:03,-0.62428284,-0.5560608,9.44693,0.0023103356,-0.0034308434,-0.0047655106,0.0,2
09-30-2019 16:08:03,-0.6188965,-0.55426025,9.449326,0.00026619434,0.0046983957,-0.0015707016,0.0,2
09-30-2019 16:08:03,-0.6254883,-0.55366516,9.451111,0.0007671714,0.0014862418,0.00048351288,0.0,2
09-30-2019 16:08:03,-0.62309265,-0.5560608,9.44632,0.0013595223,0.0018669367,0.0007505417,0.0,2
09-30-2019 16:08:03,-0.6201019,-0.5566559,9.447525,-0.00023370981,-0.00010365248,-0.003071785,0.0,2
09-30-2019 16:08:03,-0.62309265,-0.5584564,9.447525,-0.0018994212,-0.0020036101,-2.3841858e-05,0.0,2
09-30-2019 16:08:03,-0.6254883,-0.5554657,9.44632,3.516674e-05,0.0025345683,-0.00082302094,0.0,2
09-30-2019 16:08:03,-0.61950684,-0.55784607,9.442734,-0.0027048588,7.104874e-05,-0.00054836273,0.0,2
09-30-2019 16:08:03,-0.62309265,-0.5554657,9.439743,0.0009728074,0.0009673238,0.0020914078,0.0,2
09-30-2019 16:08:03,-0.62190247,-0.5500641,9.44812,0.000107347965,0.00088471174,0.0009918213,0.0,2
09-30-2019 16:08:03,-0.61950684,-0.55366516,9.44632,0.00018554926,-1.9073486e-05,-0.001660347,0.0,2
09-30-2019 16:08:03,-0.6177063,-0.55307007,9.4457245,0.002364099,0.0024312139,0.0005302429,0.0,2
09-30-2019 16:08:03,-0.62190247,-0.5518646,9.443329,0.002378583,-0.0012549162,-0.00043201447,0.0,2
09-30-2019 16:08:03,-0.623703,-0.55366516,9.442734,0.00045365095,0.0040002465,0.0013399124,0.0,2
09-30-2019 16:08:03,-0.62309265,-0.55545044,9.441544,0.0017303228,0.003204167,-0.0010538101,0.0,2
09-30-2019 16:08:03,-0.6254883,-0.5518646,9.443329,0.0004181862,0.0009357333,0.0017518997,0.0,2
09-30-2019 16:08:03,-0.623703,-0.55366516,9.445129,0.0010210276,0.0010493398,-0.0016317368,0.0,2
09-30-2019 16:08:03,-0.623703,-0.55366516,9.445129,-0.0007981658,0.0008222461,-0.0034503937,0.0,2
09-30-2019 16:08:03,-0.620697,-0.5566559,9.44812,-0.0046107173,0.0032052398,0.00010967255,0.0,2
09-30-2019 16:08:03,-0.6248932,-0.5506592,9.440933,0.0022448897,-0.0036099553,-0.001502037,0.0,2
09-30-2019 16:08:03,-0.6213074,-0.5590515,9.445129,-0.0007188916,0.0016582608,0.0006093979,0.0,2
09-30-2019 16:08:03,-0.62309265,-0.55067444,9.445129,0.00023698807,0.0010475516,0.0012407303,0.0,2
09-30-2019 16:08:03,-0.62249756,-0.5590515,9.442734,0.0005592108,0.0037215352,0.004008293,0.0,2
09-30-2019 16:08:03,-0.6188965,-0.55485535,9.445129,0.0003464222,0.0018774867,-0.0001077652,0.0,2
09-30-2019 16:08:03,-0.6213074,-0.5506592,9.442734,-0.0029824376,-7.480383e-05,-0.0012083054,0.0,2
09-30-2019 16:08:03,-0.61891174,-0.55126953,9.443939,-0.00118047,0.0017730594,0.00034618378,0.0,2
09-30-2019 16:08:03,-0.62249756,-0.55366516,9.449326,-0.00298661,0.0030227304,-0.0005617142,0.0,2
09-30-2019 16:08:03,-0.6213074,-0.5560608,9.44693,-0.0016068816,0.0035935044,0.0024681091,0.0,2
09-30-2019 16:08:03,-0.61950684,-0.5524597,9.440338,0.0006225705,-0.0025307536,-0.0031232834,0.0,2
09-30-2019 16:08:03,-0.6254883,-0.55307007,9.440933,0.0012074709,-0.0026349425,0.0031461716,0.0,2
09-30-2019 16:08:03,-0.62368774,-0.552475,9.436752,-0.0008344054,0.0013972521,0.00046920776,0.0,2
09-30-2019 16:08:03,-0.62368774,-0.5596466,9.443924,-0.00011861324,0.00041782856,-0.00044822693,0.0,2
09-30-2019 16:08:03,-0.6248932,-0.55126953,9.443329,-0.0006521344,-0.0015078187,0.0032930374,0.0,2
09-30-2019 16:08:03,-0.62249756,-0.55366516,9.4457245,0.00034755468,0.001648128,0.0026426315,0.0,2
09-30-2019 16:08:03,-0.62190247,-0.55366516,9.442139,-0.00058084726,0.0009636283,0.001405716,0.0,2
09-30-2019 16:08:03,-0.620697,-0.5524597,9.44812,0.0011188388,0.000105559826,0.004527092,0.0,2
09-30-2019 16:08:03,-0.62190247,-0.5488739,9.4457245,-0.0024749637,0.0012021661,0.0018434525,0.0,2
09-30-2019 16:08:03,-0.62667847,-0.5524597,9.445129,0.0023365617,0.0048367977,0.010813713,0.0,2
09-30-2019 16:08:03,-0.6260834,-0.55307007,9.443329,-0.0049134493,0.00053977966,0.0027656555,0.0,2
09-30-2019 16:08:03,-0.62368774,-0.55426025,9.442734,0.0003579259,0.0015375018,0.003788948,0.0,2
09-30-2019 16:08:03,-0.6272888,-0.5464783,9.447525,-0.001640141,-0.0021095872,0.0021162033,0.0,2
09-30-2019 16:08:03,-0.6242981,-0.5500641,9.444534,-0.00090521574,-0.0023584962,0.0049791336,0.0,2
09-30-2019 16:08:03,-0.6260834,-0.55485535,9.443939,-0.0011450052,0.0027230382,0.0009069443,0.0,2
09-30-2019 16:08:03,-0.6248932,-0.5596466,9.443329,-0.0033100843,-0.00078707933,-0.0005578995,0.0,2
09-30-2019 16:08:03,-0.6212921,-0.55426025,9.44812,0.0017818809,0.00084763765,0.000831604,0.0,2
09-30-2019 16:08:03,-0.6272888,-0.5530548,9.442734,-0.0028941631,0.001842916,0.00056266785,0.0,2
09-30-2019 16:08:03,-0.62249756,-0.5566559,9.444534,0.0023101568,-0.00019556284,-0.005223274,0.0,2
09-30-2019 16:08:03,-0.62368774,-0.55366516,9.454697,-0.00029420853,0.00060516596,-0.0014972687,0.0,2
09-30-2019 16:08:03,-0.6242981,-0.55485535,9.448715,-0.0019121766,-0.0011070371,-0.0025720596,0.0,2
09-30-2019 16:08:03,-0.6248932,-0.55545044,9.44812,0.0006759763,-0.0017612576,0.0019025803,0.0,2
09-30-2019 16:08:03,-0.6248932,-0.5560608,9.451706,-0.00042158365,0.0005404353,0.0013074875,0.0,2
09-30-2019 16:08:03,-0.62309265,-0.5554657,9.456497,0.0020284057,-0.0007083416,-0.0015001297,0.0,2
09-30-2019 16:08:03,-0.62368774,-0.55307007,9.452911,-0.003254354,0.002393484,0.001033783,0.0,2
09-30-2019 16:08:03,-0.6254883,-0.5524597,9.464279,9.071827e-05,-0.0030962229,0.0007123947,0.0,2
09-30-2019 16:08:03,-0.6254883,-0.5500641,9.463089,-0.0008699298,-0.0021517873,0.0017576218,0.0,2
09-30-2019 16:08:03,-0.62968445,-0.5560608,9.459503,0.0020307302,0.0013816953,-0.0015792847,0.0,2
09-30-2019 16:08:03,-0.6248932,-0.5488739,9.46788,0.0022203326,0.0026175976,-0.0026664734,0.0,2
09-30-2019 16:08:03,-0.6248932,-0.5524597,9.46727,0.0043358207,0.0069119334,0.001036644,0.0,2
09-30-2019 16:08:03,-0.6278839,-0.5590515,9.46907,-0.0015565157,0.0017263293,-0.00248909,0.0,2
09-30-2019 16:08:03,-0.62667847,-0.55126953,9.463089,-0.00056785345,-0.00027877092,-0.0032453537,0.0,2
09-30-2019 16:08:03,-0.63027954,-0.5524597,9.462494,-0.00273031,-0.00045615435,-0.0005559921,0.0,2
09-30-2019 16:08:03,-0.63087463,-0.5524597,9.463684,-0.00191921,0.0008429885,0.00084400177,0.0,2
09-30-2019 16:08:03,-0.6266937,-0.55485535,9.46608,-0.00039982796,-0.0010553598,-0.0005598068,0.0,2
09-30-2019 16:08:03,-0.63087463,-0.55067444,9.462494,0.00064718723,0.00033825636,-0.0011405945,0.0,2
09-30-2019 16:08:03,-0.6278839,-0.5500641,9.461288,0.0013871789,0.0029835105,-0.0011091232,0.0,2
09-30-2019 16:08:03,-0.6260834,-0.55126953,9.460098,-0.0009763837,-0.00014448166,-0.002737999,0.0,2
09-30-2019 16:08:03,-0.6320648,-0.55007935,9.460098,-0.0030721426,0.004425347,0.0006046295,0.0,2
09-30-2019 16:08:03,-0.62968445,-0.5488739,9.458893,0.0018900037,0.00058686733,-0.0015192032,0.0,2
09-30-2019 16:08:03,-0.63087463,-0.5566559,9.460693,-0.0040481687,-0.0004969835,0.0034074783,0.0,2
09-30-2019 16:08:03,-0.63087463,-0.55366516,9.463089,-0.0025746226,-0.0020169616,-0.0016889572,0.0,2
09-30-2019 16:08:03,-0.63027954,-0.55366516,9.456497,-0.00013643503,0.0048956275,0.0013017654,0.0,2
09-30-2019 16:08:03,-0.6278839,-0.549469,9.463684,0.0012159348,-0.0015718341,-0.0026445389,0.0,2
09-30-2019 16:08:03,-0.6368561,-0.5482788,9.464279,0.0010380149,0.0045751333,0.0003232956,0.0,2
09-30-2019 16:08:03,-0.63446045,-0.5566559,9.458893,0.0029482245,0.0026990771,0.004627228,0.0,2
09-30-2019 16:08:03,-0.63087463,-0.5566559,9.463684,0.00088626146,0.005102575,-0.0016946793,0.0,2
09-30-2019 16:08:03,-0.6356659,-0.56085205,9.463684,0.0016106963,0.0049625635,-0.0014667511,0.0,2
09-30-2019 16:08:03,-0.628479,-0.55485535,9.455307,-0.0035025477,-0.00045353174,0.0022363663,0.0,2
09-30-2019 16:08:03,-0.6260834,-0.55426025,9.460098,0.00010603666,-0.00070142746,-0.00047969818,0.0,2
09-30-2019 16:08:03,-0.628479,-0.5518646,9.457703,0.0009927154,0.0049791336,0.00012302399,0.0,2
09-30-2019 16:08:03,-0.6254883,-0.5458832,9.460098,0.0023272038,0.0020977259,-0.0006952286,0.0,2
09-30-2019 16:08:03,-0.6326752,-0.5560608,9.456497,-0.0009164214,0.0015897155,0.0011873245,0.0,2
09-30-2019 16:08:03,-0.6278839,-0.5560608,9.450516,-0.0038882494,0.005131483,0.00044059753,0.0,2
09-30-2019 16:08:03,-0.63687134,-0.557251,9.457703,0.0021865368,-0.0009037852,0.0031404495,0.0,2
09-30-2019 16:08:03,-0.6314697,-0.5518646,9.455902,-0.003492713,0.001352489,-0.004207611,0.0,2
09-30-2019 16:08:03,-0.6326752,-0.5590515,9.460693,-0.00090557337,0.00044113398,0.00077056885,0.0,2
09-30-2019 16:08:03,-0.6326752,-0.55426025,9.458298,-0.0031372905,0.0014720559,-0.00269413,0.0,2
09-30-2019 16:08:03,-0.63327026,-0.5584564,9.452911,-0.0032850504,-0.0004426241,-0.0049467087,0.0,2
09-30-2019 16:08:03,-0.6326752,-0.5530548,9.456497,-0.0020539165,0.0030608177,0.000705719,0.0,2
09-30-2019 16:08:03,-0.63386536,-0.55307007,9.454102,-0.0009685755,0.0012111068,0.0024576187,0.0,2
09-30-2019 16:08:03,-0.6356659,-0.55784607,9.454697,-0.0007777214,-0.0022105575,-0.0019035339,0.0,2
09-30-2019 16:08:03,-0.6350708,-0.5488739,9.455307,-0.0015924573,0.0038282275,0.002360344,0.0,2
09-30-2019 16:08:03,-0.6278839,-0.5554657,9.451721,-0.0011242032,0.00019234419,-0.0019721985,0.0,2
09-30-2019 16:08:03,-0.63386536,-0.5578613,9.454712,0.00056761503,0.0035040379,-0.0036764145,0.0,2
09-30-2019 16:08:03,-0.6380615,-0.5596466,9.454102,-0.0029560924,0.004392445,-0.0027799606,0.0,2
09-30-2019 16:08:03,-0.64164734,-0.5554657,9.457703,-0.0009830594,0.0032445788,0.00056552887,0.0,2
09-30-2019 16:08:03,-0.63746643,-0.55545044,9.454697,0.0010760427,-0.00085920095,-0.003941536,0.0,2
09-30-2019 16:08:03,-0.6386566,-0.5566559,9.452911,0.0014874339,0.002174437,-0.0017547607,0.0,2
09-30-2019 16:08:03,-0.63446045,-0.5560608,9.453506,-0.0031324625,0.0016984344,-0.0035448074,0.0,2
09-30-2019 16:08:03,-0.63687134,-0.5500641,9.460098,0.0017663836,0.002241671,0.0020914078,0.0,2
09-30-2019 16:08:03,-0.6326752,-0.55485535,9.454697,0.00046426058,0.007448852,-0.0013246536,0.0,2
09-30-2019 16:08:03,-0.636261,-0.5452881,9.452316,-0.00028038025,0.004459679,0.0011415482,0.0,2
09-30-2019 16:08:03,-0.63446045,-0.55426025,9.459503,0.003281355,-0.00063568354,-0.0011453629,0.0,2
09-30-2019 16:08:03,-0.6386566,-0.5578613,9.455902,0.0009485483,0.0034374595,0.0012922287,0.0,2
09-30-2019 16:08:03,-0.636261,-0.55307007,9.461884,-0.0034710765,0.001578629,0.0044727325,0.0,2
09-30-2019 16:08:03,-0.6386566,-0.55485535,9.4457245,0.0040166974,0.0014854074,-0.00095653534,0.0,2
09-30-2019 16:08:03,-0.63087463,-0.5506592,9.459488,0.001227498,0.0039933324,0.0017757416,0.0,2
09-30-2019 16:08:03,-0.6350708,-0.55307007,9.455307,0.00068324804,-0.0042125583,-0.0035381317,0.0,2
09-30-2019 16:08:05,-0.6272888,-0.5518646,9.459488,0.0018311143,0.002356708,0.0035648346,0.0,2
09-30-2019 16:08:05,-0.6248932,-0.55007935,9.460693,-0.0009263754,-0.0029856563,0.0027370453,0.0,2
09-30-2019 16:08:05,-0.6272888,-0.5482788,9.457703,0.0009403825,0.0025702715,0.0067186356,0.0,2
09-30-2019 16:08:05,-0.6266937,-0.55426025,9.458893,0.0035706162,7.945299e-05,0.0013122559,0.0,2
09-30-2019 16:08:05,-0.63027954,-0.5458832,9.46608,0.00054705143,0.0005424619,-0.0018701553,0.0,2
09-30-2019 16:08:05,-0.620697,-0.549469,9.464874,0.0002362132,0.0009419322,0.0019922256,0.0,2
09-30-2019 16:08:05,-0.62368774,-0.5560608,9.458298,0.00084394217,-0.00016385317,-0.004286766,0.0,2
09-30-2019 16:08:05,-0.62249756,-0.5488739,9.463089,-0.0008793473,-0.002873361,-0.0024499893,0.0,2
09-30-2019 16:08:05,-0.6242981,-0.55067444,9.454102,0.0010469556,0.005094826,-0.0011711121,0.0,2
09-30-2019 16:08:05,-0.623703,-0.5488739,9.457108,-0.0019305348,-0.0003234744,-0.004781723,0.0,2
09-30-2019 16:08:05,-0.62667847,-0.557251,9.452316,0.00021559,-0.00060528517,-0.0011768341,0.0,2
09-30-2019 16:08:05,-0.6260834,-0.5518646,9.454697,0.004054427,-0.0026803613,-0.0047540665,0.0,2
09-30-2019 16:08:05,-0.6242981,-0.54408264,9.451111,-0.001167059,0.0018475652,-0.00035762787,0.0,2
09-30-2019 16:08:05,-0.63027954,-0.5578613,9.449326,0.0006002784,-1.9609928e-05,0.00056648254,0.0,2
09-30-2019 16:08:05,-0.628479,-0.5518646,9.451721,0.0031526685,-0.0012745857,0.0031728745,0.0,2
09-30-2019 16:08:05,-0.6248932,-0.5518646,9.44693,0.0018051863,-0.006476462,-0.0021982193,0.0,2
09-30-2019 16:08:05,-0.6201019,-0.557251,9.4457245,0.0027061105,0.00014156103,-0.0026578903,0.0,2
09-30-2019 16:08:05,-0.6290741,-0.5488739,9.454102,0.0005323291,0.0016372204,-0.0029554367,0.0,2
09-30-2019 16:08:05,-0.6242981,-0.55545044,9.449921,-0.00040584803,-0.00093489885,0.0007686615,0.0,2
09-30-2019 16:08:05,-0.6242981,-0.5518646,9.451706,0.0013049245,0.00052398443,-0.0014858246,0.0,2
09-30-2019 16:08:05,-0.620697,-0.5584564,9.455902,0.0030515194,-0.004464388,-0.00059604645,0.0,2
09-30-2019 16:08:05,-0.6254883,-0.5566559,9.444534,-0.001106143,-0.00024086237,0.0012254715,0.0,2
09-30-2019 16:08:05,-0.62428284,-0.5560608,9.44693,0.0023103356,-0.0034308434,-0.0047655106,0.0,2
09-30-2019 16:08:05,-0.6188965,-0.55426025,9.449326,0.00026619434,0.0046983957,-0.0015707016,0.0,2
09-30-2019 16:08:05,-0.6254883,-0.55366516,9.451111,0.0007671714,0.0014862418,0.00048351288,0.0,2
09-30-2019 16:08:05,-0.62309265,-0.5560608,9.44632,0.0013595223,0.0018669367,0.0007505417,0.0,2
09-30-2019 16:08:05,-0.6201019,-0.5566559,9.447525,-0.00023370981,-0.00010365248,-0.003071785,0.0,2
09-30-2019 16:08:05,-0.62309265,-0.5584564,9.447525,-0.0018994212,-0.0020036101,-2.3841858e-05,0.0,2
09-30-2019 16:08:05,-0.6254883,-0.5554657,9.44632,3.516674e-05,0.0025345683,-0.00082302094,0.0,2
09-30-2019 16:08:05,-0.61950684,-0.55784607,9.442734,-0.0027048588,7.104874e-05,-0.00054836273,0.0,2
09-30-2019 16:08:05,-0.62309265,-0.5554657,9.439743,0.0009728074,0.0009673238,0.0020914078,0.0,2
09-30-2019 16:08:05,-0.62190247,-0.5500641,9.44812,0.000107347965,0.00088471174,0.0009918213,0.0,2
09-30-2019 16:08:05,-0.61950684,-0.55366516,9.44632,0.00018554926,-1.9073486e-05,-0.001660347,0.0,2
09-30-2019 16:08:05,-0.6177063,-0.55307007,9.4457245,0.002364099,0.0024312139,0.0005302429,0.0,2
09-30-2019 16:08:05,-0.62190247,-0.5518646,9.443329,0.002378583,-0.0012549162,-0.00043201447,0.0,2
09-30-2019 16:08:05,-0.623703,-0.55366516,9.442734,0.00045365095,0.0040002465,0.0013399124,0.0,2
09-30-2019 16:08:05,-0.62309265,-0.55545044,9.441544,0.0017303228,0.003204167,-0.0010538101,0.0,2
09-30-2019 16:08:05,-0.6254883,-0.5518646,9.443329,0.0004181862,0.0009357333,0.0017518997,0.0,2
09-30-2019 16:08:05,-0.623703,-0.55366516,9.445129,0.0010210276,0.0010493398,-0.0016317368,0.0,2
09-30-2019 16:08:05,-0.623703,-0.55366516,9.445129,-0.0007981658,0.0008222461,-0.0034503937,0.0,2
09-30-2019 16:08:05,-0.620697,-0.5566559,9.44812,-0.0046107173,0.0032052398,0.00010967255,0.0,2
09-30-2019 16:08:05,-0.6248932,-0.5506592,9.440933,0.0022448897,-0.0036099553,-0.001502037,0.0,2
09-30-2019 16:08:05,-0.6213074,-0.5590515,9.445129,-0.0007188916,0.0016582608,0.0006093979,0.0,2
09-30-2019 16:08:05,-0.62309265,-0.55067444,9.445129,0.00023698807,0.0010475516,0.0012407303,0.0,2
09-30-2019 16:08:05,-0.62249756,-0.5590515,9.442734,0.0005592108,0.0037215352,0.004008293,0.0,2
09-30-2019 16:08:05,-0.6188965,-0.55485535,9.445129,0.0003464222,0.0018774867,-0.0001077652,0.0,2
09-30-2019 16:08:05,-0.6213074,-0.5506592,9.442734,-0.0029824376,-7.480383e-05,-0.0012083054,0.0,2
09-30-2019 16:08:05,-0.61891174,-0.55126953,9.443939,-0.00118047,0.0017730594,0.00034618378,0.0,2
09-30-2019 16:08:05,-0.62249756,-0.55366516,9.449326,-0.00298661,0.0030227304,-0.0005617142,0.0,2
09-30-2019 16:08:05,-0.6213074,-0.5560608,9.44693,-0.0016068816,0.0035935044,0.0024681091,0.0,2
09-30-2019 16:08:05,-0.61950684,-0.5524597,9.440338,0.0006225705,-0.0025307536,-0.0031232834,0.0,2
09-30-2019 16:08:05,-0.6254883,-0.55307007,9.440933,0.0012074709,-0.0026349425,0.0031461716,0.0,2
09-30-2019 16:08:05,-0.62368774,-0.552475,9.436752,-0.0008344054,0.0013972521,0.00046920776,0.0,2
09-30-2019 16:08:05,-0.62368774,-0.5596466,9.443924,-0.00011861324,0.00041782856,-0.00044822693,0.0,2
09-30-2019 16:08:05,-0.6248932,-0.55126953,9.443329,-0.0006521344,-0.0015078187,0.0032930374,0.0,2
09-30-2019 16:08:05,-0.62249756,-0.55366516,9.4457245,0.00034755468,0.001648128,0.0026426315,0.0,2
09-30-2019 16:08:05,-0.62190247,-0.55366516,9.442139,-0.00058084726,0.0009636283,0.001405716,0.0,2
09-30-2019 16:08:05,-0.620697,-0.5524597,9.44812,0.0011188388,0.000105559826,0.004527092,0.0,2
09-30-2019 16:08:05,-0.62190247,-0.5488739,9.4457245,-0.0024749637,0.0012021661,0.0018434525,0.0,2
09-30-2019 16:08:05,-0.62667847,-0.5524597,9.445129,0.0023365617,0.0048367977,0.010813713,0.0,2
09-30-2019 16:08:05,-0.6260834,-0.55307007,9.443329,-0.0049134493,0.00053977966,0.0027656555,0.0,2
09-30-2019 16:08:05,-0.62368774,-0.55426025,9.442734,0.0003579259,0.0015375018,0.003788948,0.0,2
09-30-2019 16:08:05,-0.6272888,-0.5464783,9.447525,-0.001640141,-0.0021095872,0.0021162033,0.0,2
09-30-2019 16:08:05,-0.6242981,-0.5500641,9.444534,-0.00090521574,-0.0023584962,0.0049791336,0.0,2
09-30-2019 16:08:05,-0.6260834,-0.55485535,9.443939,-0.0011450052,0.0027230382,0.0009069443,0.0,2
09-30-2019 16:08:05,-0.6248932,-0.5596466,9.443329,-0.0033100843,-0.00078707933,-0.0005578995,0.0,2
09-30-2019 16:08:05,-0.6212921,-0.55426025,9.44812,0.0017818809,0.00084763765,0.000831604,0.0,2
09-30-2019 16:08:05,-0.6272888,-0.5530548,9.442734,-0.0028941631,0.001842916,0.00056266785,0.0,2
09-30-2019 16:08:05,-0.62249756,-0.5566559,9.444534,0.0023101568,-0.00019556284,-0.005223274,0.0,2
09-30-2019 16:08:05,-0.62368774,-0.55366516,9.454697,-0.00029420853,0.00060516596,-0.0014972687,0.0,2
09-30-2019 16:08:05,-0.6242981,-0.55485535,9.448715,-0.0019121766,-0.0011070371,-0.0025720596,0.0,2
09-30-2019 16:08:05,-0.6248932,-0.55545044,9.44812,0.0006759763,-0.0017612576,0.0019025803,0.0,2
09-30-2019 16:08:05,-0.6248932,-0.5560608,9.451706,-0.00042158365,0.0005404353,0.0013074875,0.0,2
09-30-2019 16:08:05,-0.62309265,-0.5554657,9.456497,0.0020284057,-0.0007083416,-0.0015001297,0.0,2
09-30-2019 16:08:05,-0.62368774,-0.55307007,9.452911,-0.003254354,0.002393484,0.001033783,0.0,2
09-30-2019 16:08:05,-0.6254883,-0.5524597,9.464279,9.071827e-05,-0.0030962229,0.0007123947,0.0,2
09-30-2019 16:08:05,-0.6254883,-0.5500641,9.463089,-0.0008699298,-0.0021517873,0.0017576218,0.0,2
09-30-2019 16:08:05,-0.62968445,-0.5560608,9.459503,0.0020307302,0.0013816953,-0.0015792847,0.0,2
09-30-2019 16:08:05,-0.6248932,-0.5488739,9.46788,0.0022203326,0.0026175976,-0.0026664734,0.0,2
09-30-2019 16:08:05,-0.6248932,-0.5524597,9.46727,0.0043358207,0.0069119334,0.001036644,0.0,2
09-30-2019 16:08:05,-0.6278839,-0.5590515,9.46907,-0.0015565157,0.0017263293,-0.00248909,0.0,2
09-30-2019 16:08:05,-0.62667847,-0.55126953,9.463089,-0.00056785345,-0.00027877092,-0.0032453537,0.0,2
09-30-2019 16:08:05,-0.63027954,-0.5524597,9.462494,-0.00273031,-0.00045615435,-0.0005559921,0.0,2
09-30-2019 16:08:05,-0.63087463,-0.5524597,9.463684,-0.00191921,0.0008429885,0.00084400177,0.0,2
09-30-2019 16:08:05,-0.6266937,-0.55485535,9.46608,-0.00039982796,-0.0010553598,-0.0005598068,0.0,2
09-30-2019 16:08:05,-0.63087463,-0.55067444,9.462494,0.00064718723,0.00033825636,-0.0011405945,0.0,2
09-30-2019 16:08:05,-0.6278839,-0.5500641,9.461288,0.0013871789,0.0029835105,-0.0011091232,0.0,2
09-30-2019 16:08:05,-0.6260834,-0.55126953,9.460098,-0.0009763837,-0.00014448166,-0.002737999,0.0,2
09-30-2019 16:08:05,-0.6320648,-0.55007935,9.460098,-0.0030721426,0.004425347,0.0006046295,0.0,2
09-30-2019 16:08:05,-0.62968445,-0.5488739,9.458893,0.0018900037,0.00058686733,-0.0015192032,0.0,2
09-30-2019 16:08:05,-0.63087463,-0.5566559,9.460693,-0.0040481687,-0.0004969835,0.0034074783,0.0,2
09-30-2019 16:08:05,-0.63087463,-0.55366516,9.463089,-0.0025746226,-0.0020169616,-0.0016889572,0.0,2
09-30-2019 16:08:05,-0.63027954,-0.55366516,9.456497,-0.00013643503,0.0048956275,0.0013017654,0.0,2
09-30-2019 16:08:05,-0.6278839,-0.549469,9.463684,0.0012159348,-0.0015718341,-0.0026445389,0.0,2
09-30-2019 16:08:05,-0.6368561,-0.5482788,9.464279,0.0010380149,0.0045751333,0.0003232956,0.0,2
09-30-2019 16:08:05,-0.63446045,-0.5566559,9.458893,0.0029482245,0.0026990771,0.004627228,0.0,2
09-30-2019 16:08:05,-0.63087463,-0.5566559,9.463684,0.00088626146,0.005102575,-0.0016946793,0.0,2
09-30-2019 16:08:05,-0.6356659,-0.56085205,9.463684,0.0016106963,0.0049625635,-0.0014667511,0.0,2
09-30-2019 16:08:05,-0.628479,-0.55485535,9.455307,-0.0035025477,-0.00045353174,0.0022363663,0.0,2
09-30-2019 16:08:05,-0.6260834,-0.55426025,9.460098,0.00010603666,-0.00070142746,-0.00047969818,0.0,2
09-30-2019 16:08:05,-0.628479,-0.5518646,9.457703,0.0009927154,0.0049791336,0.00012302399,0.0,2
09-30-2019 16:08:05,-0.6254883,-0.5458832,9.460098,0.0023272038,0.0020977259,-0.0006952286,0.0,2
09-30-2019 16:08:05,-0.6326752,-0.5560608,9.456497,-0.0009164214,0.0015897155,0.0011873245,0.0,2
09-30-2019 16:08:05,-0.6278839,-0.5560608,9.450516,-0.0038882494,0.005131483,0.00044059753,0.0,2
09-30-2019 16:08:05,-0.63687134,-0.557251,9.457703,0.0021865368,-0.0009037852,0.0031404495,0.0,2
09-30-2019 16:08:05,-0.6314697,-0.5518646,9.455902,-0.003492713,0.001352489,-0.004207611,0.0,2
09-30-2019 16:08:05,-0.6326752,-0.5590515,9.460693,-0.00090557337,0.00044113398,0.00077056885,0.0,2
09-30-2019 16:08:05,-0.6326752,-0.55426025,9.458298,-0.0031372905,0.0014720559,-0.00269413,0.0,2
09-30-2019 16:08:05,-0.63327026,-0.5584564,9.452911,-0.0032850504,-0.0004426241,-0.0049467087,0.0,2
09-30-2019 16:08:05,-0.6326752,-0.5530548,9.456497,-0.0020539165,0.0030608177,0.000705719,0.0,2
09-30-2019 16:08:05,-0.63386536,-0.55307007,9.454102,-0.0009685755,0.0012111068,0.0024576187,0.0,2
09-30-2019 16:08:05,-0.6356659,-0.55784607,9.454697,-0.0007777214,-0.0022105575,-0.0019035339,0.0,2
09-30-2019 16:08:05,-0.6350708,-0.5488739,9.455307,-0.0015924573,0.0038282275,0.002360344,0.0,2
09-30-2019 16:08:05,-0.6278839,-0.5554657,9.451721,-0.0011242032,0.00019234419,-0.0019721985,0.0,2
09-30-2019 16:08:05,-0.63386536,-0.5578613,9.454712,0.00056761503,0.0035040379,-0.0036764145,0.0,2
09-30-2019 16:08:05,-0.6380615,-0.5596466,9.454102,-0.0029560924,0.004392445,-0.0027799606,0.0,2
09-30-2019 16:08:05,-0.64164734,-0.5554657,9.457703,-0.0009830594,0.0032445788,0.00056552887,0.0,2
09-30-2019 16:08:05,-0.63746643,-0.55545044,9.454697,0.0010760427,-0.00085920095,-0.003941536,0.0,2
09-30-2019 16:08:05,-0.6386566,-0.5566559,9.452911,0.0014874339,0.002174437,-0.0017547607,0.0,2
09-30-2019 16:08:05,-0.63446045,-0.5560608,9.453506,-0.0031324625,0.0016984344,-0.0035448074,0.0,2
09-30-2019 16:08:05,-0.63687134,-0.5500641,9.460098,0.0017663836,0.002241671,0.0020914078,0.0,2
09-30-2019 16:08:05,-0.6326752,-0.55485535,9.454697,0.00046426058,0.007448852,-0.0013246536,0.0,2
09-30-2019 16:08:05,-0.636261,-0.5452881,9.452316,-0.00028038025,0.004459679,0.0011415482,0.0,2
09-30-2019 16:08:05,-0.63446045,-0.55426025,9.459503,0.003281355,-0.00063568354,-0.0011453629,0.0,2
09-30-2019 16:08:05,-0.6386566,-0.5578613,9.455902,0.0009485483,0.0034374595,0.0012922287,0.0,2
09-30-2019 16:08:05,-0.636261,-0.55307007,9.461884,-0.0034710765,0.001578629,0.0044727325,0.0,2
09-30-2019 16:08:05,-0.6386566,-0.55485535,9.4457245,0.0040166974,0.0014854074,-0.00095653534,0.0,2
09-30-2019 16:08:05,-0.63087463,-0.5506592,9.459488,0.001227498,0.0039933324,0.0017757416,0.0,2
09-30-2019 16:08:05,-0.6350708,-0.55307007,9.455307,0.00068324804,-0.0042125583,-0.0035381317,0.0,2
09-30-2019 16:08:05,-0.6350708,-0.55307007,9.458298,0.00062584877,0.0016489029,-0.0007362366,0.0,2
09-30-2019 16:08:05,-0.6380615,-0.549469,9.457703,0.00034087896,0.0022676587,-0.0040922165,0.0,2
09-30-2019 16:08:05,-0.6386566,-0.5524597,9.455902,0.0015664697,0.0048048496,0.0001077652,0.0,2
09-30-2019 16:08:05,-0.636261,-0.557251,9.455307,0.0011546016,0.00034421682,0.0012998581,0.0,2
09-30-2019 16:08:05,-0.6428528,-0.5518646,9.452911,-0.00024300814,-3.6418438e-05,0.0045251846,0.0,2
09-30-2019 16:08:05,-0.6392517,-0.55126953,9.455307,-0.0024983883,0.0046139956,0.008986473,0.0,2
09-30-2019 16:08:05,-0.64105225,-0.55545044,9.454102,0.001654923,-0.0015435815,0.0020456314,0.0,2
09-30-2019 16:08:05,-0.6398468,-0.5566559,9.449326,-0.0013449788,0.003697753,0.0025262833,0.0,2
09-30-2019 16:08:06,-0.6272888,-0.5518646,9.459488,0.0018311143,0.002356708,0.0035648346,0.0,4
09-30-2019 16:08:06,-0.6248932,-0.55007935,9.460693,-0.0009263754,-0.0029856563,0.0027370453,0.0,4
09-30-2019 16:08:06,-0.6272888,-0.5482788,9.457703,0.0009403825,0.0025702715,0.0067186356,0.0,4
09-30-2019 16:08:06,-0.6266937,-0.55426025,9.458893,0.0035706162,7.945299e-05,0.0013122559,0.0,4
09-30-2019 16:08:06,-0.63027954,-0.5458832,9.46608,0.00054705143,0.0005424619,-0.0018701553,0.0,4
09-30-2019 16:08:06,-0.620697,-0.549469,9.464874,0.0002362132,0.0009419322,0.0019922256,0.0,4
09-30-2019 16:08:06,-0.62368774,-0.5560608,9.458298,0.00084394217,-0.00016385317,-0.004286766,0.0,4
09-30-2019 16:08:06,-0.62249756,-0.5488739,9.463089,-0.0008793473,-0.002873361,-0.0024499893,0.0,4
09-30-2019 16:08:06,-0.6242981,-0.55067444,9.454102,0.0010469556,0.005094826,-0.0011711121,0.0,4
09-30-2019 16:08:06,-0.623703,-0.5488739,9.457108,-0.0019305348,-0.0003234744,-0.004781723,0.0,4
09-30-2019 16:08:06,-0.62667847,-0.557251,9.452316,0.00021559,-0.00060528517,-0.0011768341,0.0,4
09-30-2019 16:08:06,-0.6260834,-0.5518646,9.454697,0.004054427,-0.0026803613,-0.0047540665,0.0,4
09-30-2019 16:08:06,-0.6242981,-0.54408264,9.451111,-0.001167059,0.0018475652,-0.00035762787,0.0,4
09-30-2019 16:08:06,-0.63027954,-0.5578613,9.449326,0.0006002784,-1.9609928e-05,0.00056648254,0.0,4
09-30-2019 16:08:06,-0.628479,-0.5518646,9.451721,0.0031526685,-0.0012745857,0.0031728745,0.0,4
09-30-2019 16:08:06,-0.6248932,-0.5518646,9.44693,0.0018051863,-0.006476462,-0.0021982193,0.0,4
09-30-2019 16:08:06,-0.6201019,-0.557251,9.4457245,0.0027061105,0.00014156103,-0.0026578903,0.0,4
09-30-2019 16:08:06,-0.6290741,-0.5488739,9.454102,0.0005323291,0.0016372204,-0.0029554367,0.0,4
09-30-2019 16:08:06,-0.6242981,-0.55545044,9.449921,-0.00040584803,-0.00093489885,0.0007686615,0.0,4
09-30-2019 16:08:06,-0.6242981,-0.5518646,9.451706,0.0013049245,0.00052398443,-0.0014858246,0.0,4
09-30-2019 16:08:06,-0.620697,-0.5584564,9.455902,0.0030515194,-0.004464388,-0.00059604645,0.0,4
09-30-2019 16:08:06,-0.6254883,-0.5566559,9.444534,-0.001106143,-0.00024086237,0.0012254715,0.0,4
09-30-2019 16:08:06,-0.62428284,-0.5560608,9.44693,0.0023103356,-0.0034308434,-0.0047655106,0.0,4
09-30-2019 16:08:06,-0.6188965,-0.55426025,9.449326,0.00026619434,0.0046983957,-0.0015707016,0.0,4
09-30-2019 16:08:06,-0.6254883,-0.55366516,9.451111,0.0007671714,0.0014862418,0.00048351288,0.0,4
09-30-2019 16:08:06,-0.62309265,-0.5560608,9.44632,0.0013595223,0.0018669367,0.0007505417,0.0,4
09-30-2019 16:08:06,-0.6201019,-0.5566559,9.447525,-0.00023370981,-0.00010365248,-0.003071785,0.0,4
09-30-2019 16:08:06,-0.62309265,-0.5584564,9.447525,-0.0018994212,-0.0020036101,-2.3841858e-05,0.0,4
09-30-2019 16:08:06,-0.6254883,-0.5554657,9.44632,3.516674e-05,0.0025345683,-0.00082302094,0.0,4
09-30-2019 16:08:06,-0.61950684,-0.55784607,9.442734,-0.0027048588,7.104874e-05,-0.00054836273,0.0,4
09-30-2019 16:08:06,-0.62309265,-0.5554657,9.439743,0.0009728074,0.0009673238,0.0020914078,0.0,4
09-30-2019 16:08:06,-0.62190247,-0.5500641,9.44812,0.000107347965,0.00088471174,0.0009918213,0.0,4
09-30-2019 16:08:06,-0.61950684,-0.55366516,9.44632,0.00018554926,-1.9073486e-05,-0.001660347,0.0,4
09-30-2019 16:08:06,-0.6177063,-0.55307007,9.4457245,0.002364099,0.0024312139,0.0005302429,0.0,4
09-30-2019 16:08:06,-0.62190247,-0.5518646,9.443329,0.002378583,-0.0012549162,-0.00043201447,0.0,4
09-30-2019 16:08:06,-0.623703,-0.55366516,9.442734,0.00045365095,0.0040002465,0.0013399124,0.0,4
09-30-2019 16:08:06,-0.62309265,-0.55545044,9.441544,0.0017303228,0.003204167,-0.0010538101,0.0,4
09-30-2019 16:08:06,-0.6254883,-0.5518646,9.443329,0.0004181862,0.0009357333,0.0017518997,0.0,4
09-30-2019 16:08:06,-0.623703,-0.55366516,9.445129,0.0010210276,0.0010493398,-0.0016317368,0.0,4
09-30-2019 16:08:06,-0.623703,-0.55366516,9.445129,-0.0007981658,0.0008222461,-0.0034503937,0.0,4
09-30-2019 16:08:06,-0.620697,-0.5566559,9.44812,-0.0046107173,0.0032052398,0.00010967255,0.0,4
09-30-2019 16:08:06,-0.6248932,-0.5506592,9.440933,0.0022448897,-0.0036099553,-0.001502037,0.0,4
09-30-2019 16:08:06,-0.6213074,-0.5590515,9.445129,-0.0007188916,0.0016582608,0.0006093979,0.0,4
09-30-2019 16:08:06,-0.62309265,-0.55067444,9.445129,0.00023698807,0.0010475516,0.0012407303,0.0,4
09-30-2019 16:08:06,-0.62249756,-0.5590515,9.442734,0.0005592108,0.0037215352,0.004008293,0.0,4
09-30-2019 16:08:06,-0.6188965,-0.55485535,9.445129,0.0003464222,0.0018774867,-0.0001077652,0.0,4
09-30-2019 16:08:06,-0.6213074,-0.5506592,9.442734,-0.0029824376,-7.480383e-05,-0.0012083054,0.0,4
09-30-2019 16:08:06,-0.61891174,-0.55126953,9.443939,-0.00118047,0.0017730594,0.00034618378,0.0,4
09-30-2019 16:08:06,-0.62249756,-0.55366516,9.449326,-0.00298661,0.0030227304,-0.0005617142,0.0,4
09-30-2019 16:08:06,-0.6213074,-0.5560608,9.44693,-0.0016068816,0.0035935044,0.0024681091,0.0,4
09-30-2019 16:08:06,-0.61950684,-0.5524597,9.440338,0.0006225705,-0.0025307536,-0.0031232834,0.0,4
09-30-2019 16:08:06,-0.6254883,-0.55307007,9.440933,0.0012074709,-0.0026349425,0.0031461716,0.0,4
09-30-2019 16:08:06,-0.62368774,-0.552475,9.436752,-0.0008344054,0.0013972521,0.00046920776,0.0,4
09-30-2019 16:08:06,-0.62368774,-0.5596466,9.443924,-0.00011861324,0.00041782856,-0.00044822693,0.0,4
09-30-2019 16:08:06,-0.6248932,-0.55126953,9.443329,-0.0006521344,-0.0015078187,0.0032930374,0.0,4
09-30-2019 16:08:06,-0.62249756,-0.55366516,9.4457245,0.00034755468,0.001648128,0.0026426315,0.0,4
09-30-2019 16:08:06,-0.62190247,-0.55366516,9.442139,-0.00058084726,0.0009636283,0.001405716,0.0,4
09-30-2019 16:08:06,-0.620697,-0.5524597,9.44812,0.0011188388,0.000105559826,0.004527092,0.0,4
09-30-2019 16:08:06,-0.62190247,-0.5488739,9.4457245,-0.0024749637,0.0012021661,0.0018434525,0.0,4
09-30-2019 16:08:06,-0.62667847,-0.5524597,9.445129,0.0023365617,0.0048367977,0.010813713,0.0,4
09-30-2019 16:08:06,-0.6260834,-0.55307007,9.443329,-0.0049134493,0.00053977966,0.0027656555,0.0,4
09-30-2019 16:08:06,-0.62368774,-0.55426025,9.442734,0.0003579259,0.0015375018,0.003788948,0.0,4
09-30-2019 16:08:06,-0.6272888,-0.5464783,9.447525,-0.001640141,-0.0021095872,0.0021162033,0.0,4
09-30-2019 16:08:06,-0.6242981,-0.5500641,9.444534,-0.00090521574,-0.0023584962,0.0049791336,0.0,4
09-30-2019 16:08:06,-0.6260834,-0.55485535,9.443939,-0.0011450052,0.0027230382,0.0009069443,0.0,4
09-30-2019 16:08:06,-0.6248932,-0.5596466,9.443329,-0.0033100843,-0.00078707933,-0.0005578995,0.0,4
09-30-2019 16:08:06,-0.6212921,-0.55426025,9.44812,0.0017818809,0.00084763765,0.000831604,0.0,4
09-30-2019 16:08:06,-0.6272888,-0.5530548,9.442734,-0.0028941631,0.001842916,0.00056266785,0.0,4
09-30-2019 16:08:06,-0.62249756,-0.5566559,9.444534,0.0023101568,-0.00019556284,-0.005223274,0.0,4
09-30-2019 16:08:06,-0.62368774,-0.55366516,9.454697,-0.00029420853,0.00060516596,-0.0014972687,0.0,4
09-30-2019 16:08:06,-0.6242981,-0.55485535,9.448715,-0.0019121766,-0.0011070371,-0.0025720596,0.0,4
09-30-2019 16:08:06,-0.6248932,-0.55545044,9.44812,0.0006759763,-0.0017612576,0.0019025803,0.0,4
09-30-2019 16:08:06,-0.6248932,-0.5560608,9.451706,-0.00042158365,0.0005404353,0.0013074875,0.0,4
09-30-2019 16:08:06,-0.62309265,-0.5554657,9.456497,0.0020284057,-0.0007083416,-0.0015001297,0.0,4
09-30-2019 16:08:06,-0.62368774,-0.55307007,9.452911,-0.003254354,0.002393484,0.001033783,0.0,4
09-30-2019 16:08:06,-0.6254883,-0.5524597,9.464279,9.071827e-05,-0.0030962229,0.0007123947,0.0,4
09-30-2019 16:08:06,-0.6254883,-0.5500641,9.463089,-0.0008699298,-0.0021517873,0.0017576218,0.0,4
09-30-2019 16:08:06,-0.62968445,-0.5560608,9.459503,0.0020307302,0.0013816953,-0.0015792847,0.0,4
09-30-2019 16:08:06,-0.6248932,-0.5488739,9.46788,0.0022203326,0.0026175976,-0.0026664734,0.0,4
09-30-2019 16:08:06,-0.6248932,-0.5524597,9.46727,0.0043358207,0.0069119334,0.001036644,0.0,4
09-30-2019 16:08:06,-0.6278839,-0.5590515,9.46907,-0.0015565157,0.0017263293,-0.00248909,0.0,4
09-30-2019 16:08:06,-0.62667847,-0.55126953,9.463089,-0.00056785345,-0.00027877092,-0.0032453537,0.0,4
09-30-2019 16:08:06,-0.63027954,-0.5524597,9.462494,-0.00273031,-0.00045615435,-0.0005559921,0.0,4
09-30-2019 16:08:06,-0.63087463,-0.5524597,9.463684,-0.00191921,0.0008429885,0.00084400177,0.0,4
09-30-2019 16:08:06,-0.6266937,-0.55485535,9.46608,-0.00039982796,-0.0010553598,-0.0005598068,0.0,4
09-30-2019 16:08:06,-0.63087463,-0.55067444,9.462494,0.00064718723,0.00033825636,-0.0011405945,0.0,4
09-30-2019 16:08:06,-0.6278839,-0.5500641,9.461288,0.0013871789,0.0029835105,-0.0011091232,0.0,4
09-30-2019 16:08:06,-0.6260834,-0.55126953,9.460098,-0.0009763837,-0.00014448166,-0.002737999,0.0,4
09-30-2019 16:08:06,-0.6320648,-0.55007935,9.460098,-0.0030721426,0.004425347,0.0006046295,0.0,4
09-30-2019 16:08:06,-0.62968445,-0.5488739,9.458893,0.0018900037,0.00058686733,-0.0015192032,0.0,4
09-30-2019 16:08:06,-0.63087463,-0.5566559,9.460693,-0.0040481687,-0.0004969835,0.0034074783,0.0,4
09-30-2019 16:08:06,-0.63087463,-0.55366516,9.463089,-0.0025746226,-0.0020169616,-0.0016889572,0.0,4
09-30-2019 16:08:06,-0.63027954,-0.55366516,9.456497,-0.00013643503,0.0048956275,0.0013017654,0.0,4
09-30-2019 16:08:06,-0.6278839,-0.549469,9.463684,0.0012159348,-0.0015718341,-0.0026445389,0.0,4
09-30-2019 16:08:06,-0.6368561,-0.5482788,9.464279,0.0010380149,0.0045751333,0.0003232956,0.0,4
09-30-2019 16:08:06,-0.63446045,-0.5566559,9.458893,0.0029482245,0.0026990771,0.004627228,0.0,4
09-30-2019 16:08:06,-0.63087463,-0.5566559,9.463684,0.00088626146,0.005102575,-0.0016946793,0.0,4
09-30-2019 16:08:06,-0.6356659,-0.56085205,9.463684,0.0016106963,0.0049625635,-0.0014667511,0.0,4
09-30-2019 16:08:06,-0.628479,-0.55485535,9.455307,-0.0035025477,-0.00045353174,0.0022363663,0.0,4
09-30-2019 16:08:06,-0.6260834,-0.55426025,9.460098,0.00010603666,-0.00070142746,-0.00047969818,0.0,4
09-30-2019 16:08:06,-0.628479,-0.5518646,9.457703,0.0009927154,0.0049791336,0.00012302399,0.0,4
09-30-2019 16:08:06,-0.6254883,-0.5458832,9.460098,0.0023272038,0.0020977259,-0.0006952286,0.0,4
09-30-2019 16:08:06,-0.6326752,-0.5560608,9.456497,-0.0009164214,0.0015897155,0.0011873245,0.0,4
09-30-2019 16:08:06,-0.6278839,-0.5560608,9.450516,-0.0038882494,0.005131483,0.00044059753,0.0,4
09-30-2019 16:08:06,-0.63687134,-0.557251,9.457703,0.0021865368,-0.0009037852,0.0031404495,0.0,4
09-30-2019 16:08:06,-0.6314697,-0.5518646,9.455902,-0.003492713,0.001352489,-0.004207611,0.0,4
09-30-2019 16:08:06,-0.6326752,-0.5590515,9.460693,-0.00090557337,0.00044113398,0.00077056885,0.0,4
09-30-2019 16:08:06,-0.6326752,-0.55426025,9.458298,-0.0031372905,0.0014720559,-0.00269413,0.0,4
09-30-2019 16:08:06,-0.63327026,-0.5584564,9.452911,-0.0032850504,-0.0004426241,-0.0049467087,0.0,4
09-30-2019 16:08:06,-0.6326752,-0.5530548,9.456497,-0.0020539165,0.0030608177,0.000705719,0.0,4
09-30-2019 16:08:06,-0.63386536,-0.55307007,9.454102,-0.0009685755,0.0012111068,0.0024576187,0.0,4
09-30-2019 16:08:06,-0.6356659,-0.55784607,9.454697,-0.0007777214,-0.0022105575,-0.0019035339,0.0,4
09-30-2019 16:08:06,-0.6350708,-0.5488739,9.455307,-0.0015924573,0.0038282275,0.002360344,0.0,4
09-30-2019 16:08:06,-0.6278839,-0.5554657,9.451721,-0.0011242032,0.00019234419,-0.0019721985,0.0,4
09-30-2019 16:08:06,-0.63386536,-0.5578613,9.454712,0.00056761503,0.0035040379,-0.0036764145,0.0,4
09-30-2019 16:08:06,-0.6380615,-0.5596466,9.454102,-0.0029560924,0.004392445,-0.0027799606,0.0,4
09-30-2019 16:08:06,-0.64164734,-0.5554657,9.457703,-0.0009830594,0.0032445788,0.00056552887,0.0,4
09-30-2019 16:08:06,-0.63746643,-0.55545044,9.454697,0.0010760427,-0.00085920095,-0.003941536,0.0,4
09-30-2019 16:08:06,-0.6386566,-0.5566559,9.452911,0.0014874339,0.002174437,-0.0017547607,0.0,4
09-30-2019 16:08:06,-0.63446045,-0.5560608,9.453506,-0.0031324625,0.0016984344,-0.0035448074,0.0,4
09-30-2019 16:08:06,-0.63687134,-0.5500641,9.460098,0.0017663836,0.002241671,0.0020914078,0.0,4
09-30-2019 16:08:06,-0.6326752,-0.55485535,9.454697,0.00046426058,0.007448852,-0.0013246536,0.0,4
09-30-2019 16:08:06,-0.636261,-0.5452881,9.452316,-0.00028038025,0.004459679,0.0011415482,0.0,4
09-30-2019 16:08:06,-0.63446045,-0.55426025,9.459503,0.003281355,-0.00063568354,-0.0011453629,0.0,4
09-30-2019 16:08:06,-0.6386566,-0.5578613,9.455902,0.0009485483,0.0034374595,0.0012922287,0.0,4
09-30-2019 16:08:06,-0.636261,-0.55307007,9.461884,-0.0034710765,0.001578629,0.0044727325,0.0,4
09-30-2019 16:08:06,-0.6386566,-0.55485535,9.4457245,0.0040166974,0.0014854074,-0.00095653534,0.0,4
09-30-2019 16:08:06,-0.63087463,-0.5506592,9.459488,0.001227498,0.0039933324,0.0017757416,0.0,4
09-30-2019 16:08:06,-0.6350708,-0.55307007,9.455307,0.00068324804,-0.0042125583,-0.0035381317,0.0,4
09-30-2019 16:08:06,-0.6350708,-0.55307007,9.458298,0.00062584877,0.0016489029,-0.0007362366,0.0,4
09-30-2019 16:08:06,-0.6380615,-0.549469,9.457703,0.00034087896,0.0022676587,-0.0040922165,0.0,4
09-30-2019 16:08:06,-0.6386566,-0.5524597,9.455902,0.0015664697,0.0048048496,0.0001077652,0.0,4
09-30-2019 16:08:06,-0.636261,-0.557251,9.455307,0.0011546016,0.00034421682,0.0012998581,0.0,4
09-30-2019 16:08:06,-0.6428528,-0.5518646,9.452911,-0.00024300814,-3.6418438e-05,0.0045251846,0.0,4
09-30-2019 16:08:06,-0.6392517,-0.55126953,9.455307,-0.0024983883,0.0046139956,0.008986473,0.0,4
09-30-2019 16:08:06,-0.64105225,-0.55545044,9.454102,0.001654923,-0.0015435815,0.0020456314,0.0,4
09-30-2019 16:08:06,-0.6398468,-0.5566559,9.449326,-0.0013449788,0.003697753,0.0025262833,0.0,4
09-30-2019 16:08:06,-0.64823914,-0.55307007,9.450516,-0.00023299456,0.004035473,0.003689766,0.0,4
09-30-2019 16:08:06,-0.64164734,-0.5554657,9.449326,-1.8179417e-05,-0.0014782548,0.0016756058,0.0,4
09-30-2019 16:08:06,-0.64164734,-0.5566559,9.453506,-0.0003696084,0.00088340044,-0.0024585724,0.0,4
09-30-2019 16:08:06,-0.64164734,-0.557251,9.451706,-0.001922071,0.004500568,-0.0019989014,0.0,4
09-30-2019 16:08:06,-0.64404297,-0.557251,9.452911,-0.0016387701,0.0019456744,-0.0009050369,0.0,4
09-30-2019 16:08:06,-0.64224243,-0.5566559,9.450516,0.0009793043,0.0030754209,-0.0049209595,0.0,4
09-30-2019 16:08:06,-0.6464386,-0.55485535,9.453506,0.0003222227,0.0047493577,0.00030994415,0.0,4
09-30-2019 16:08:06,-0.6434479,-0.557251,9.44632,0.00059610605,0.0019626617,-0.008126259,0.0,4
