10-08-2019 01:26:55,-0.7852936,0.08140564,9.38826,0.004840374,-0.0016288087,0.006919861,0.0,4
10-08-2019 01:26:55,-0.7852936,0.08200073,9.393051,0.0032103658,-0.0032685027,0.004213333,0.0,4
10-08-2019 01:26:55,-0.78230286,0.07421875,9.4062195,0.0032116175,-0.0011197925,0.0008687973,0.0,4
10-08-2019 01:26:55,-0.7745209,0.080215454,9.400238,-0.0020563006,-0.0007539466,0.0037488937,0.0,4
10-08-2019 01:26:55,-0.7870941,0.07720947,9.402634,-0.0009058714,-0.0014800951,-0.00025081635,0.0,4
10-08-2019 01:26:55,-0.786499,0.0796051,9.403229,0.0015842915,0.0035350844,0.0018453598,0.0,4
10-08-2019 01:26:55,-0.78590393,0.07421875,9.400238,-0.0012699962,-0.0012545437,0.0008420944,0.0,4
10-08-2019 01:26:55,-0.77871704,0.08320618,9.406815,0.0021425486,0.00029394776,0.0017824173,0.0,4
10-08-2019 01:26:55,-0.7846985,0.080200195,9.398453,-0.003911376,-0.0032105744,-0.0016908646,0.0,4
10-08-2019 01:26:55,-0.78829956,0.0796051,9.405624,0.001239419,-0.0009165481,-0.004293442,0.0,4
10-08-2019 01:26:55,-0.78230286,0.080215454,9.397842,0.004274428,-0.0031565204,-0.0019989014,0.0,4
10-08-2019 01:26:55,-0.7846985,0.07722473,9.405624,0.002652347,-0.0041906163,-0.00051784515,0.0,4
10-08-2019 01:26:55,-0.7829132,0.077819824,9.397842,-0.0022826195,-0.0017484352,0.0012845993,0.0,4
10-08-2019 01:26:55,-0.7829132,0.07601929,9.393051,-0.00012749434,-0.0029253066,0.0028982162,0.0,4
10-08-2019 01:26:55,-0.7727356,0.07901001,9.401428,-0.0035849214,0.0044607744,-4.7683716e-06,0.0,4
10-08-2019 01:26:55,-0.7799072,0.07601929,9.398453,0.0015082359,-0.0015295446,-0.0017595291,0.0,4
10-08-2019 01:26:55,-0.77812195,0.07421875,9.400238,0.0010739565,0.0017447397,-0.0011377335,0.0,4
10-08-2019 01:26:55,-0.78530884,0.07423401,9.399643,0.0015102029,-0.0038595125,0.0029001236,0.0,4
10-08-2019 01:26:55,-0.78230286,0.07661438,9.405029,0.0024698973,-0.0009807125,-0.003602028,0.0,4
10-08-2019 01:26:55,-0.78170776,0.07362366,9.3936615,0.0005684495,0.00041246414,-0.003926277,0.0,4
10-08-2019 01:26:55,-0.7751312,0.07423401,9.404434,0.0013362765,0.0023644269,-0.0022172928,0.0,4
10-08-2019 01:26:55,-0.7763214,0.068237305,9.397247,-0.00072944164,0.0030006692,0.000582695,0.0,4
10-08-2019 01:26:55,-0.7721405,0.07122803,9.399033,0.00019854307,-0.000575833,-0.0007953644,0.0,4
10-08-2019 01:26:55,-0.77752686,0.061660767,9.399048,0.0010216236,-0.0036259778,0.00027656555,0.0,4
10-08-2019 01:26:55,-0.7751312,0.0688324,9.393646,0.0010558963,-0.0012345985,-0.0041542053,0.0,4
10-08-2019 01:26:55,-0.7739258,0.07182312,9.392456,0.0043286085,0.00058029965,-0.004299164,0.0,4
10-08-2019 01:26:55,-0.7751312,0.0688324,9.393051,0.005310595,8.293241e-05,0.0007953644,0.0,4
10-08-2019 01:26:55,-0.7805176,0.06643677,9.395447,0.0003105998,-0.00033654273,-0.0010032654,0.0,4
10-08-2019 01:26:58,-0.7852936,0.08200073,9.393051,0.0032103658,-0.0032685027,0.004213333,0.0,3
10-08-2019 01:26:58,-0.78230286,0.07421875,9.4062195,0.0032116175,-0.0011197925,0.0008687973,0.0,3
10-08-2019 01:26:58,-0.7745209,0.080215454,9.400238,-0.0020563006,-0.0007539466,0.0037488937,0.0,3
10-08-2019 01:26:58,-0.7870941,0.07720947,9.402634,-0.0009058714,-0.0014800951,-0.00025081635,0.0,3
10-08-2019 01:26:58,-0.786499,0.0796051,9.403229,0.0015842915,0.0035350844,0.0018453598,0.0,3
10-08-2019 01:26:58,-0.78590393,0.07421875,9.400238,-0.0012699962,-0.0012545437,0.0008420944,0.0,3
10-08-2019 01:26:58,-0.77871704,0.08320618,9.406815,0.0021425486,0.00029394776,0.0017824173,0.0,3
10-08-2019 01:26:58,-0.7846985,0.080200195,9.398453,-0.003911376,-0.0032105744,-0.0016908646,0.0,3
10-08-2019 01:26:58,-0.78829956,0.0796051,9.405624,0.001239419,-0.0009165481,-0.004293442,0.0,3
10-08-2019 01:26:58,-0.78230286,0.080215454,9.397842,0.004274428,-0.0031565204,-0.0019989014,0.0,3
10-08-2019 01:26:58,-0.7846985,0.07722473,9.405624,0.002652347,-0.0041906163,-0.00051784515,0.0,3
10-08-2019 01:26:58,-0.7829132,0.077819824,9.397842,-0.0022826195,-0.0017484352,0.0012845993,0.0,3
10-08-2019 01:26:58,-0.7829132,0.07601929,9.393051,-0.00012749434,-0.0029253066,0.0028982162,0.0,3
10-08-2019 01:26:58,-0.7727356,0.07901001,9.401428,-0.0035849214,0.0044607744,-4.7683716e-06,0.0,3
10-08-2019 01:26:58,-0.7799072,0.07601929,9.398453,0.0015082359,-0.0015295446,-0.0017595291,0.0,3
10-08-2019 01:26:58,-0.77812195,0.07421875,9.400238,0.0010739565,0.0017447397,-0.0011377335,0.0,3
10-08-2019 01:26:58,-0.78530884,0.07423401,9.399643,0.0015102029,-0.0038595125,0.0029001236,0.0,3
10-08-2019 01:26:58,-0.78230286,0.07661438,9.405029,0.0024698973,-0.0009807125,-0.003602028,0.0,3
10-08-2019 01:26:58,-0.78170776,0.07362366,9.3936615,0.0005684495,0.00041246414,-0.003926277,0.0,3
10-08-2019 01:26:58,-0.7751312,0.07423401,9.404434,0.0013362765,0.0023644269,-0.0022172928,0.0,3
10-08-2019 01:26:58,-0.7763214,0.068237305,9.397247,-0.00072944164,0.0030006692,0.000582695,0.0,3
10-08-2019 01:26:58,-0.7721405,0.07122803,9.399033,0.00019854307,-0.000575833,-0.0007953644,0.0,3
10-08-2019 01:26:58,-0.77752686,0.061660767,9.399048,0.0010216236,-0.0036259778,0.00027656555,0.0,3
10-08-2019 01:26:58,-0.7751312,0.0688324,9.393646,0.0010558963,-0.0012345985,-0.0041542053,0.0,3
10-08-2019 01:26:58,-0.7739258,0.07182312,9.392456,0.0043286085,0.00058029965,-0.004299164,0.0,3
10-08-2019 01:26:58,-0.7751312,0.0688324,9.393051,0.005310595,8.293241e-05,0.0007953644,0.0,3
10-08-2019 01:26:58,-0.7805176,0.06643677,9.395447,0.0003105998,-0.00033654273,-0.0010032654,0.0,3
10-08-2019 01:26:58,-0.77871704,0.06524658,9.395447,0.00090044737,-0.0021408983,0.0021877289,0.0,3
10-08-2019 01:26:58,-0.7769165,0.06703186,9.399048,0.001693368,0.0025143512,0.001490593,0.0,3
10-08-2019 01:26:58,-0.7763214,0.058670044,9.393051,0.00081831217,-0.0016499907,0.0041971207,0.0,3
10-08-2019 01:26:58,-0.7769165,0.059265137,9.394257,0.0032321215,-0.0003305748,0.0016393661,0.0,3
10-08-2019 01:26:58,-0.7757263,0.05506897,9.386475,0.00570482,-0.004520841,-3.71933e-05,0.0,3
10-08-2019 01:26:58,-0.7727356,0.061050415,9.393646,0.0044896007,-0.0024549589,0.0035943985,0.0,3
10-08-2019 01:26:58,-0.77153015,0.0574646,9.38826,-0.00057321787,0.002844572,0.002064705,0.0,3
10-08-2019 01:26:58,-0.7739258,0.058670044,9.3906555,0.004773915,0.0019518062,0.0026044846,0.0,3
10-08-2019 01:26:58,-0.7769165,0.055664063,9.391266,0.0012192726,0.0044401437,-0.0017518997,0.0,3
10-08-2019 01:26:58,-0.7763214,0.06225586,9.396042,0.0043874383,0.0036515668,-0.005473137,0.0,3
10-08-2019 01:26:58,-0.77812195,0.05986023,9.394257,0.0032904744,-0.0028980896,-0.0019655228,0.0,3
10-08-2019 01:26:58,-0.7757263,0.063446045,9.399033,0.002163887,-0.0016453937,0.00034809113,0.0,3
10-08-2019 01:26:58,-0.77153015,0.06465149,9.400833,0.001410842,0.003305979,-0.0025405884,0.0,3
10-08-2019 01:26:58,-0.7733307,0.061660767,9.396057,0.0013612509,-0.0006923452,0.0035629272,0.0,3
10-08-2019 01:26:58,-0.76794434,0.061065674,9.399643,0.0026052594,0.0007191822,0.0016260147,0.0,3
10-08-2019 01:26:58,-0.77093506,0.065841675,9.399048,0.001554966,-6.1549246e-05,-0.00042247772,0.0,3
10-08-2019 01:26:58,-0.7763214,0.06643677,9.3984375,0.003804326,-0.003999196,0.00095176697,0.0,3
10-08-2019 01:26:58,-0.7697449,0.06764221,9.396637,0.0041565895,-0.00047112256,-0.0056848526,0.0,3
10-08-2019 01:26:58,-0.77153015,0.07122803,9.399033,0.0027171373,-0.0029577836,-0.0037260056,0.0,3
10-08-2019 01:27:02,-0.7852936,0.08200073,9.393051,0.0032103658,-0.0032685027,0.004213333,0.0,4
10-08-2019 01:27:02,-0.78230286,0.07421875,9.4062195,0.0032116175,-0.0011197925,0.0008687973,0.0,4
10-08-2019 01:27:02,-0.7745209,0.080215454,9.400238,-0.0020563006,-0.0007539466,0.0037488937,0.0,4
10-08-2019 01:27:02,-0.7870941,0.07720947,9.402634,-0.0009058714,-0.0014800951,-0.00025081635,0.0,4
10-08-2019 01:27:02,-0.786499,0.0796051,9.403229,0.0015842915,0.0035350844,0.0018453598,0.0,4
10-08-2019 01:27:02,-0.78590393,0.07421875,9.400238,-0.0012699962,-0.0012545437,0.0008420944,0.0,4
10-08-2019 01:27:02,-0.77871704,0.08320618,9.406815,0.0021425486,0.00029394776,0.0017824173,0.0,4
10-08-2019 01:27:02,-0.7846985,0.080200195,9.398453,-0.003911376,-0.0032105744,-0.0016908646,0.0,4
10-08-2019 01:27:02,-0.78829956,0.0796051,9.405624,0.001239419,-0.0009165481,-0.004293442,0.0,4
10-08-2019 01:27:02,-0.78230286,0.080215454,9.397842,0.004274428,-0.0031565204,-0.0019989014,0.0,4
10-08-2019 01:27:02,-0.7846985,0.07722473,9.405624,0.002652347,-0.0041906163,-0.00051784515,0.0,4
10-08-2019 01:27:02,-0.7829132,0.077819824,9.397842,-0.0022826195,-0.0017484352,0.0012845993,0.0,4
10-08-2019 01:27:02,-0.7829132,0.07601929,9.393051,-0.00012749434,-0.0029253066,0.0028982162,0.0,4
10-08-2019 01:27:02,-0.7727356,0.07901001,9.401428,-0.0035849214,0.0044607744,-4.7683716e-06,0.0,4
10-08-2019 01:27:02,-0.7799072,0.07601929,9.398453,0.0015082359,-0.0015295446,-0.0017595291,0.0,4
10-08-2019 01:27:02,-0.77812195,0.07421875,9.400238,0.0010739565,0.0017447397,-0.0011377335,0.0,4
10-08-2019 01:27:02,-0.78530884,0.07423401,9.399643,0.0015102029,-0.0038595125,0.0029001236,0.0,4
10-08-2019 01:27:02,-0.78230286,0.07661438,9.405029,0.0024698973,-0.0009807125,-0.003602028,0.0,4
10-08-2019 01:27:02,-0.78170776,0.07362366,9.3936615,0.0005684495,0.00041246414,-0.003926277,0.0,4
10-08-2019 01:27:02,-0.7751312,0.07423401,9.404434,0.0013362765,0.0023644269,-0.0022172928,0.0,4
10-08-2019 01:27:02,-0.7763214,0.068237305,9.397247,-0.00072944164,0.0030006692,0.000582695,0.0,4
10-08-2019 01:27:02,-0.7721405,0.07122803,9.399033,0.00019854307,-0.000575833,-0.0007953644,0.0,4
10-08-2019 01:27:02,-0.77752686,0.061660767,9.399048,0.0010216236,-0.0036259778,0.00027656555,0.0,4
10-08-2019 01:27:02,-0.7751312,0.0688324,9.393646,0.0010558963,-0.0012345985,-0.0041542053,0.0,4
10-08-2019 01:27:02,-0.7739258,0.07182312,9.392456,0.0043286085,0.00058029965,-0.004299164,0.0,4
10-08-2019 01:27:02,-0.7751312,0.0688324,9.393051,0.005310595,8.293241e-05,0.0007953644,0.0,4
10-08-2019 01:27:02,-0.7805176,0.06643677,9.395447,0.0003105998,-0.00033654273,-0.0010032654,0.0,4
10-08-2019 01:27:02,-0.77871704,0.06524658,9.395447,0.00090044737,-0.0021408983,0.0021877289,0.0,4
10-08-2019 01:27:02,-0.7769165,0.06703186,9.399048,0.001693368,0.0025143512,0.001490593,0.0,4
10-08-2019 01:27:02,-0.7763214,0.058670044,9.393051,0.00081831217,-0.0016499907,0.0041971207,0.0,4
10-08-2019 01:27:02,-0.7769165,0.059265137,9.394257,0.0032321215,-0.0003305748,0.0016393661,0.0,4
10-08-2019 01:27:02,-0.7757263,0.05506897,9.386475,0.00570482,-0.004520841,-3.71933e-05,0.0,4
10-08-2019 01:27:02,-0.7727356,0.061050415,9.393646,0.0044896007,-0.0024549589,0.0035943985,0.0,4
10-08-2019 01:27:02,-0.77153015,0.0574646,9.38826,-0.00057321787,0.002844572,0.002064705,0.0,4
10-08-2019 01:27:02,-0.7739258,0.058670044,9.3906555,0.004773915,0.0019518062,0.0026044846,0.0,4
10-08-2019 01:27:02,-0.7769165,0.055664063,9.391266,0.0012192726,0.0044401437,-0.0017518997,0.0,4
10-08-2019 01:27:02,-0.7763214,0.06225586,9.396042,0.0043874383,0.0036515668,-0.005473137,0.0,4
10-08-2019 01:27:02,-0.77812195,0.05986023,9.394257,0.0032904744,-0.0028980896,-0.0019655228,0.0,4
10-08-2019 01:27:02,-0.7757263,0.063446045,9.399033,0.002163887,-0.0016453937,0.00034809113,0.0,4
10-08-2019 01:27:02,-0.77153015,0.06465149,9.400833,0.001410842,0.003305979,-0.0025405884,0.0,4
10-08-2019 01:27:02,-0.7733307,0.061660767,9.396057,0.0013612509,-0.0006923452,0.0035629272,0.0,4
10-08-2019 01:27:02,-0.76794434,0.061065674,9.399643,0.0026052594,0.0007191822,0.0016260147,0.0,4
10-08-2019 01:27:02,-0.77093506,0.065841675,9.399048,0.001554966,-6.1549246e-05,-0.00042247772,0.0,4
10-08-2019 01:27:02,-0.7763214,0.06643677,9.3984375,0.003804326,-0.003999196,0.00095176697,0.0,4
10-08-2019 01:27:02,-0.7697449,0.06764221,9.396637,0.0041565895,-0.00047112256,-0.0056848526,0.0,4
10-08-2019 01:27:02,-0.77153015,0.07122803,9.399033,0.0027171373,-0.0029577836,-0.0037260056,0.0,4
10-08-2019 01:27:02,-0.7727356,0.0748291,9.391266,0.002774775,0.0026937872,0.0027456284,0.0,4
10-08-2019 01:27:02,-0.76734924,0.06285095,9.391861,0.0018176436,4.053116e-06,0.0010557175,0.0,4
10-08-2019 01:27:02,-0.77033997,0.065841675,9.397247,0.009093285,-0.00051499903,-0.00078964233,0.0,4
10-08-2019 01:27:02,-0.7721405,0.06465149,9.39006,0.0032933354,-0.0052985325,-0.002087593,0.0,4
10-08-2019 01:27:02,-0.77093506,0.06465149,9.394257,0.0035503507,0.0025675595,0.0022745132,0.0,4
10-08-2019 01:27:02,-0.7745209,0.063446045,9.391861,0.0034638047,-0.00051946193,0.0036010742,0.0,4
10-08-2019 01:27:02,-0.77093506,0.06285095,9.4014435,0.0021253824,0.003954366,0.0052814484,0.0,4
10-08-2019 01:27:02,-0.7721405,0.06643677,9.394257,-2.3066998e-05,-0.0012446493,0.0015611649,0.0,4
10-08-2019 01:27:02,-0.7727356,0.06524658,9.391861,-0.0026522875,-0.0012964867,-0.006494522,0.0,4
10-08-2019 01:27:02,-0.77033997,0.06465149,9.394852,0.0013232231,0.0021241605,-0.0006837845,0.0,4
10-08-2019 01:27:02,-0.7697296,0.059265137,9.395447,0.0040380955,-0.00068276376,-0.003586769,0.0,4
10-08-2019 01:27:02,-0.7685394,0.06643677,9.3858795,0.0041850805,0.002894424,0.0008916855,0.0,4
10-08-2019 01:27:02,-0.76794434,0.06225586,9.391861,0.0015580058,-0.00094264,-0.0029611588,0.0,4
10-08-2019 01:27:02,-0.77153015,0.06404114,9.393051,0.0027320385,0.0013893694,0.0008239746,0.0,4
10-08-2019 01:27:02,-0.76794434,0.065841675,9.397247,-0.0026789904,-0.0023479238,0.0009775162,0.0,4
10-08-2019 01:27:02,-0.762558,0.063446045,9.3906555,0.0054300427,-0.0016680136,0.0019207001,0.0,4
10-08-2019 01:27:02,-0.7649536,0.058654785,9.388275,-0.0005311966,0.0015183911,0.0028944016,0.0,4
10-08-2019 01:27:02,-0.75956726,0.06404114,9.395447,0.0025359392,-0.002032809,0.0015630722,0.0,4
10-08-2019 01:27:06,-0.7852936,0.08200073,9.393051,0.0032103658,-0.0032685027,0.004213333,0,2
10-08-2019 01:27:06,-0.78230286,0.07421875,9.4062195,0.0032116175,-0.0011197925,0.0008687973,0,2
10-08-2019 01:27:06,-0.7745209,0.080215454,9.400238,-0.0020563006,-0.0007539466,0.0037488937,0.0,2
10-08-2019 01:27:06,-0.7870941,0.07720947,9.402634,-0.0009058714,-0.0014800951,-0.00025081635,0.0,2
10-08-2019 01:27:06,-0.786499,0.0796051,9.403229,0.0015842915,0.0035350844,0.0018453598,0.0,2
10-08-2019 01:27:06,-0.78590393,0.07421875,9.400238,-0.0012699962,-0.0012545437,0.0008420944,0.0,2
10-08-2019 01:27:06,-0.77871704,0.08320618,9.406815,0.0021425486,0.00029394776,0.0017824173,0.0,2
10-08-2019 01:27:06,-0.7846985,0.080200195,9.398453,-0.003911376,-0.0032105744,-0.0016908646,0.0,2
10-08-2019 01:27:06,-0.78829956,0.0796051,9.405624,0.001239419,-0.0009165481,-0.004293442,0.0,2
10-08-2019 01:27:06,-0.78230286,0.080215454,9.397842,0.004274428,-0.0031565204,-0.0019989014,0.0,2
10-08-2019 01:27:06,-0.7846985,0.07722473,9.405624,0.002652347,-0.0041906163,-0.00051784515,0.0,2
10-08-2019 01:27:06,-0.7829132,0.077819824,9.397842,-0.0022826195,-0.0017484352,0.0012845993,0.0,2
10-08-2019 01:27:06,-0.7829132,0.07601929,9.393051,-0.00012749434,-0.0029253066,0.0028982162,0.0,2
10-08-2019 01:27:06,-0.7727356,0.07901001,9.401428,-0.0035849214,0.0044607744,-4.7683716e-06,0.0,2
10-08-2019 01:27:06,-0.7799072,0.07601929,9.398453,0.0015082359,-0.0015295446,-0.0017595291,0.0,2
10-08-2019 01:27:06,-0.77812195,0.07421875,9.400238,0.0010739565,0.0017447397,-0.0011377335,0.0,2
10-08-2019 01:27:06,-0.78530884,0.07423401,9.399643,0.0015102029,-0.0038595125,0.0029001236,0.0,2
10-08-2019 01:27:06,-0.78230286,0.07661438,9.405029,0.0024698973,-0.0009807125,-0.003602028,0.0,2
10-08-2019 01:27:06,-0.78170776,0.07362366,9.3936615,0.0005684495,0.00041246414,-0.003926277,0.0,2
10-08-2019 01:27:06,-0.7751312,0.07423401,9.404434,0.0013362765,0.0023644269,-0.0022172928,0.0,2
10-08-2019 01:27:06,-0.7763214,0.068237305,9.397247,-0.00072944164,0.0030006692,0.000582695,0.0,2
10-08-2019 01:27:06,-0.7721405,0.07122803,9.399033,0.00019854307,-0.000575833,-0.0007953644,0.0,2
10-08-2019 01:27:06,-0.77752686,0.061660767,9.399048,0.0010216236,-0.0036259778,0.00027656555,0.0,2
10-08-2019 01:27:06,-0.7751312,0.0688324,9.393646,0.0010558963,-0.0012345985,-0.0041542053,0.0,2
10-08-2019 01:27:06,-0.7739258,0.07182312,9.392456,0.0043286085,0.00058029965,-0.004299164,0.0,2
10-08-2019 01:27:06,-0.7751312,0.0688324,9.393051,0.005310595,8.293241e-05,0.0007953644,0.0,2
10-08-2019 01:27:06,-0.7805176,0.06643677,9.395447,0.0003105998,-0.00033654273,-0.0010032654,0.0,2
10-08-2019 01:27:06,-0.77871704,0.06524658,9.395447,0.00090044737,-0.0021408983,0.0021877289,0.0,2
10-08-2019 01:27:06,-0.7769165,0.06703186,9.399048,0.001693368,0.0025143512,0.001490593,0.0,2
10-08-2019 01:27:06,-0.7763214,0.058670044,9.393051,0.00081831217,-0.0016499907,0.0041971207,0.0,2
10-08-2019 01:27:06,-0.7769165,0.059265137,9.394257,0.0032321215,-0.0003305748,0.0016393661,0.0,2
10-08-2019 01:27:06,-0.7757263,0.05506897,9.386475,0.00570482,-0.004520841,-3.71933e-05,0.0,2
10-08-2019 01:27:06,-0.7727356,0.061050415,9.393646,0.0044896007,-0.0024549589,0.0035943985,0.0,2
10-08-2019 01:27:06,-0.77153015,0.0574646,9.38826,-0.00057321787,0.002844572,0.002064705,0.0,2
10-08-2019 01:27:06,-0.7739258,0.058670044,9.3906555,0.004773915,0.0019518062,0.0026044846,0.0,2
10-08-2019 01:27:06,-0.7769165,0.055664063,9.391266,0.0012192726,0.0044401437,-0.0017518997,0.0,2
10-08-2019 01:27:06,-0.7763214,0.06225586,9.396042,0.0043874383,0.0036515668,-0.005473137,0.0,2
10-08-2019 01:27:06,-0.77812195,0.05986023,9.394257,0.0032904744,-0.0028980896,-0.0019655228,0.0,2
10-08-2019 01:27:06,-0.7757263,0.063446045,9.399033,0.002163887,-0.0016453937,0.00034809113,0.0,2
10-08-2019 01:27:06,-0.77153015,0.06465149,9.400833,0.001410842,0.003305979,-0.0025405884,0.0,2
10-08-2019 01:27:06,-0.7733307,0.061660767,9.396057,0.0013612509,-0.0006923452,0.0035629272,0.0,2
10-08-2019 01:27:06,-0.76794434,0.061065674,9.399643,0.0026052594,0.0007191822,0.0016260147,0.0,2
10-08-2019 01:27:06,-0.77093506,0.065841675,9.399048,0.001554966,-6.1549246e-05,-0.00042247772,0.0,2
10-08-2019 01:27:06,-0.7763214,0.06643677,9.3984375,0.003804326,-0.003999196,0.00095176697,0.0,2
10-08-2019 01:27:06,-0.7697449,0.06764221,9.396637,0.0041565895,-0.00047112256,-0.0056848526,0.0,2
10-08-2019 01:27:06,-0.77153015,0.07122803,9.399033,0.0027171373,-0.0029577836,-0.0037260056,0.0,2
10-08-2019 01:27:06,-0.7727356,0.0748291,9.391266,0.002774775,0.0026937872,0.0027456284,0.0,2
10-08-2019 01:27:06,-0.76734924,0.06285095,9.391861,0.0018176436,4.053116e-06,0.0010557175,0.0,2
10-08-2019 01:27:06,-0.77033997,0.065841675,9.397247,0.009093285,-0.00051499903,-0.00078964233,0.0,2
10-08-2019 01:27:06,-0.7721405,0.06465149,9.39006,0.0032933354,-0.0052985325,-0.002087593,0.0,2
10-08-2019 01:27:06,-0.77093506,0.06465149,9.394257,0.0035503507,0.0025675595,0.0022745132,0.0,2
10-08-2019 01:27:06,-0.7745209,0.063446045,9.391861,0.0034638047,-0.00051946193,0.0036010742,0.0,2
10-08-2019 01:27:06,-0.77093506,0.06285095,9.4014435,0.0021253824,0.003954366,0.0052814484,0.0,2
10-08-2019 01:27:06,-0.7721405,0.06643677,9.394257,-2.3066998e-05,-0.0012446493,0.0015611649,0.0,2
10-08-2019 01:27:06,-0.7727356,0.06524658,9.391861,-0.0026522875,-0.0012964867,-0.006494522,0.0,2
10-08-2019 01:27:06,-0.77033997,0.06465149,9.394852,0.0013232231,0.0021241605,-0.0006837845,0.0,2
10-08-2019 01:27:06,-0.7697296,0.059265137,9.395447,0.0040380955,-0.00068276376,-0.003586769,0.0,2
10-08-2019 01:27:06,-0.7685394,0.06643677,9.3858795,0.0041850805,0.002894424,0.0008916855,0.0,2
10-08-2019 01:27:06,-0.76794434,0.06225586,9.391861,0.0015580058,-0.00094264,-0.0029611588,0.0,2
10-08-2019 01:27:06,-0.77153015,0.06404114,9.393051,0.0027320385,0.0013893694,0.0008239746,0.0,2
10-08-2019 01:27:06,-0.76794434,0.065841675,9.397247,-0.0026789904,-0.0023479238,0.0009775162,0.0,2
10-08-2019 01:27:06,-0.762558,0.063446045,9.3906555,0.0054300427,-0.0016680136,0.0019207001,0.0,2
10-08-2019 01:27:06,-0.7649536,0.058654785,9.388275,-0.0005311966,0.0015183911,0.0028944016,0.0,2
10-08-2019 01:27:06,-0.75956726,0.06404114,9.395447,0.0025359392,-0.002032809,0.0015630722,0.0,2
10-08-2019 01:27:06,-0.7643585,0.06285095,9.391861,0.0019811392,0.00027749687,-0.00013256073,0.0,2
10-08-2019 01:27:06,-0.7619629,0.065841675,9.3984375,-0.002111435,-0.002552081,-0.0020370483,0.0,2
10-08-2019 01:27:06,-0.762558,0.06225586,9.396652,0.0014831424,-0.0002252832,-0.001709938,0.0,2
10-08-2019 01:27:06,-0.7691345,0.06465149,9.403824,-0.001380384,0.0019000322,0.0033216476,0.0,2
10-08-2019 01:27:06,-0.7655487,0.06225586,9.3936615,0.002636373,-0.00022006035,-0.00015449524,0.0,2
10-08-2019 01:27:06,-0.7697449,0.06404114,9.38826,0.0019096732,-0.0018765703,0.0011129379,0.0,2
10-08-2019 01:27:06,-0.77093506,0.06643677,9.391251,0.0037721395,-0.0042631254,2.670288e-05,0.0,2
10-08-2019 01:27:06,-0.7685394,0.056259155,9.38826,0.0010229349,-0.0006779134,0.0040483475,0.0,2
10-08-2019 01:27:06,-0.7649536,0.068237305,9.391266,0.0015061498,-7.6539814e-05,-0.0012254715,0.0,2
10-08-2019 01:27:06,-0.7667389,0.06285095,9.395447,-0.0024353862,-0.0015720576,0.003624916,0.0,2
10-08-2019 01:27:06,-0.7655487,0.06225586,9.391266,0.001459837,-0.0034583062,0.0012426376,0.0,2
10-08-2019 01:27:06,-0.7667389,0.06524658,9.38826,0.0015293956,0.0011493936,0.0012817383,0.0,2
10-08-2019 01:27:06,-0.7685394,0.063446045,9.393051,0.00211519,-0.0044330657,0.004937172,0.0,2
10-08-2019 01:27:06,-0.7661438,0.06524658,9.3906555,0.0028470755,0.0014881939,-0.0038366318,0.0,2
10-08-2019 01:27:06,-0.76734924,0.06524658,9.396057,0.008649409,0.0016791001,0.0010938644,0.0,2
10-08-2019 01:27:06,-0.7691345,0.06643677,9.396057,0.0005440712,-0.0019570738,-0.00044250488,0.0,2
10-08-2019 01:27:06,-0.7685394,0.06465149,9.396652,-0.00067669153,0.00049193203,-0.0038385391,0.0,2
10-08-2019 01:27:06,-0.7661438,0.05986023,9.395447,0.0015205741,0.0003708601,-0.0012960434,0.0,2
10-08-2019 01:27:09,-0.7852936,0.08200073,9.393051,0.0032103658,-0.0032685027,0.004213333,0,2
10-08-2019 01:27:09,-0.78230286,0.07421875,9.4062195,0.0032116175,-0.0011197925,0.0008687973,0,2
10-08-2019 01:27:09,-0.7745209,0.080215454,9.400238,-0.0020563006,-0.0007539466,0.0037488937,0,2
10-08-2019 01:27:09,-0.7870941,0.07720947,9.402634,-0.0009058714,-0.0014800951,-0.00025081635,0,2
10-08-2019 01:27:09,-0.786499,0.0796051,9.403229,0.0015842915,0.0035350844,0.0018453598,0,2
10-08-2019 01:27:09,-0.78590393,0.07421875,9.400238,-0.0012699962,-0.0012545437,0.0008420944,0.0,2
10-08-2019 01:27:09,-0.77871704,0.08320618,9.406815,0.0021425486,0.00029394776,0.0017824173,0.0,2
10-08-2019 01:27:09,-0.7846985,0.080200195,9.398453,-0.003911376,-0.0032105744,-0.0016908646,0.0,2
10-08-2019 01:27:09,-0.78829956,0.0796051,9.405624,0.001239419,-0.0009165481,-0.004293442,0.0,2
10-08-2019 01:27:09,-0.78230286,0.080215454,9.397842,0.004274428,-0.0031565204,-0.0019989014,0.0,2
10-08-2019 01:27:09,-0.7846985,0.07722473,9.405624,0.002652347,-0.0041906163,-0.00051784515,0.0,2
10-08-2019 01:27:09,-0.7829132,0.077819824,9.397842,-0.0022826195,-0.0017484352,0.0012845993,0.0,2
10-08-2019 01:27:09,-0.7829132,0.07601929,9.393051,-0.00012749434,-0.0029253066,0.0028982162,0.0,2
10-08-2019 01:27:09,-0.7727356,0.07901001,9.401428,-0.0035849214,0.0044607744,-4.7683716e-06,0.0,2
10-08-2019 01:27:09,-0.7799072,0.07601929,9.398453,0.0015082359,-0.0015295446,-0.0017595291,0.0,2
10-08-2019 01:27:09,-0.77812195,0.07421875,9.400238,0.0010739565,0.0017447397,-0.0011377335,0.0,2
10-08-2019 01:27:09,-0.78530884,0.07423401,9.399643,0.0015102029,-0.0038595125,0.0029001236,0.0,2
10-08-2019 01:27:09,-0.78230286,0.07661438,9.405029,0.0024698973,-0.0009807125,-0.003602028,0.0,2
10-08-2019 01:27:09,-0.78170776,0.07362366,9.3936615,0.0005684495,0.00041246414,-0.003926277,0.0,2
10-08-2019 01:27:09,-0.7751312,0.07423401,9.404434,0.0013362765,0.0023644269,-0.0022172928,0.0,2
10-08-2019 01:27:09,-0.7763214,0.068237305,9.397247,-0.00072944164,0.0030006692,0.000582695,0.0,2
10-08-2019 01:27:09,-0.7721405,0.07122803,9.399033,0.00019854307,-0.000575833,-0.0007953644,0.0,2
10-08-2019 01:27:09,-0.77752686,0.061660767,9.399048,0.0010216236,-0.0036259778,0.00027656555,0.0,2
10-08-2019 01:27:09,-0.7751312,0.0688324,9.393646,0.0010558963,-0.0012345985,-0.0041542053,0.0,2
10-08-2019 01:27:09,-0.7739258,0.07182312,9.392456,0.0043286085,0.00058029965,-0.004299164,0.0,2
10-08-2019 01:27:09,-0.7751312,0.0688324,9.393051,0.005310595,8.293241e-05,0.0007953644,0.0,2
10-08-2019 01:27:09,-0.7805176,0.06643677,9.395447,0.0003105998,-0.00033654273,-0.0010032654,0.0,2
10-08-2019 01:27:09,-0.77871704,0.06524658,9.395447,0.00090044737,-0.0021408983,0.0021877289,0.0,2
10-08-2019 01:27:09,-0.7769165,0.06703186,9.399048,0.001693368,0.0025143512,0.001490593,0.0,2
10-08-2019 01:27:09,-0.7763214,0.058670044,9.393051,0.00081831217,-0.0016499907,0.0041971207,0.0,2
10-08-2019 01:27:09,-0.7769165,0.059265137,9.394257,0.0032321215,-0.0003305748,0.0016393661,0.0,2
10-08-2019 01:27:09,-0.7757263,0.05506897,9.386475,0.00570482,-0.004520841,-3.71933e-05,0.0,2
10-08-2019 01:27:09,-0.7727356,0.061050415,9.393646,0.0044896007,-0.0024549589,0.0035943985,0.0,2
10-08-2019 01:27:09,-0.77153015,0.0574646,9.38826,-0.00057321787,0.002844572,0.002064705,0.0,2
10-08-2019 01:27:09,-0.7739258,0.058670044,9.3906555,0.004773915,0.0019518062,0.0026044846,0.0,2
10-08-2019 01:27:09,-0.7769165,0.055664063,9.391266,0.0012192726,0.0044401437,-0.0017518997,0.0,2
10-08-2019 01:27:09,-0.7763214,0.06225586,9.396042,0.0043874383,0.0036515668,-0.005473137,0.0,2
10-08-2019 01:27:09,-0.77812195,0.05986023,9.394257,0.0032904744,-0.0028980896,-0.0019655228,0.0,2
10-08-2019 01:27:09,-0.7757263,0.063446045,9.399033,0.002163887,-0.0016453937,0.00034809113,0.0,2
10-08-2019 01:27:09,-0.77153015,0.06465149,9.400833,0.001410842,0.003305979,-0.0025405884,0.0,2
10-08-2019 01:27:09,-0.7733307,0.061660767,9.396057,0.0013612509,-0.0006923452,0.0035629272,0.0,2
10-08-2019 01:27:09,-0.76794434,0.061065674,9.399643,0.0026052594,0.0007191822,0.0016260147,0.0,2
10-08-2019 01:27:09,-0.77093506,0.065841675,9.399048,0.001554966,-6.1549246e-05,-0.00042247772,0.0,2
10-08-2019 01:27:09,-0.7763214,0.06643677,9.3984375,0.003804326,-0.003999196,0.00095176697,0.0,2
10-08-2019 01:27:09,-0.7697449,0.06764221,9.396637,0.0041565895,-0.00047112256,-0.0056848526,0.0,2
10-08-2019 01:27:09,-0.77153015,0.07122803,9.399033,0.0027171373,-0.0029577836,-0.0037260056,0.0,2
10-08-2019 01:27:09,-0.7727356,0.0748291,9.391266,0.002774775,0.0026937872,0.0027456284,0.0,2
10-08-2019 01:27:09,-0.76734924,0.06285095,9.391861,0.0018176436,4.053116e-06,0.0010557175,0.0,2
10-08-2019 01:27:09,-0.77033997,0.065841675,9.397247,0.009093285,-0.00051499903,-0.00078964233,0.0,2
10-08-2019 01:27:09,-0.7721405,0.06465149,9.39006,0.0032933354,-0.0052985325,-0.002087593,0.0,2
10-08-2019 01:27:09,-0.77093506,0.06465149,9.394257,0.0035503507,0.0025675595,0.0022745132,0.0,2
10-08-2019 01:27:09,-0.7745209,0.063446045,9.391861,0.0034638047,-0.00051946193,0.0036010742,0.0,2
10-08-2019 01:27:09,-0.77093506,0.06285095,9.4014435,0.0021253824,0.003954366,0.0052814484,0.0,2
10-08-2019 01:27:09,-0.7721405,0.06643677,9.394257,-2.3066998e-05,-0.0012446493,0.0015611649,0.0,2
10-08-2019 01:27:09,-0.7727356,0.06524658,9.391861,-0.0026522875,-0.0012964867,-0.006494522,0.0,2
10-08-2019 01:27:09,-0.77033997,0.06465149,9.394852,0.0013232231,0.0021241605,-0.0006837845,0.0,2
10-08-2019 01:27:09,-0.7697296,0.059265137,9.395447,0.0040380955,-0.00068276376,-0.003586769,0.0,2
10-08-2019 01:27:09,-0.7685394,0.06643677,9.3858795,0.0041850805,0.002894424,0.0008916855,0.0,2
10-08-2019 01:27:09,-0.76794434,0.06225586,9.391861,0.0015580058,-0.00094264,-0.0029611588,0.0,2
10-08-2019 01:27:09,-0.77153015,0.06404114,9.393051,0.0027320385,0.0013893694,0.0008239746,0.0,2
10-08-2019 01:27:09,-0.76794434,0.065841675,9.397247,-0.0026789904,-0.0023479238,0.0009775162,0.0,2
10-08-2019 01:27:09,-0.762558,0.063446045,9.3906555,0.0054300427,-0.0016680136,0.0019207001,0.0,2
10-08-2019 01:27:09,-0.7649536,0.058654785,9.388275,-0.0005311966,0.0015183911,0.0028944016,0.0,2
10-08-2019 01:27:09,-0.75956726,0.06404114,9.395447,0.0025359392,-0.002032809,0.0015630722,0.0,2
10-08-2019 01:27:09,-0.7643585,0.06285095,9.391861,0.0019811392,0.00027749687,-0.00013256073,0.0,2
10-08-2019 01:27:09,-0.7619629,0.065841675,9.3984375,-0.002111435,-0.002552081,-0.0020370483,0.0,2
10-08-2019 01:27:09,-0.762558,0.06225586,9.396652,0.0014831424,-0.0002252832,-0.001709938,0.0,2
10-08-2019 01:27:09,-0.7691345,0.06465149,9.403824,-0.001380384,0.0019000322,0.0033216476,0.0,2
10-08-2019 01:27:09,-0.7655487,0.06225586,9.3936615,0.002636373,-0.00022006035,-0.00015449524,0.0,2
10-08-2019 01:27:09,-0.7697449,0.06404114,9.38826,0.0019096732,-0.0018765703,0.0011129379,0.0,2
10-08-2019 01:27:09,-0.77093506,0.06643677,9.391251,0.0037721395,-0.0042631254,2.670288e-05,0.0,2
10-08-2019 01:27:09,-0.7685394,0.056259155,9.38826,0.0010229349,-0.0006779134,0.0040483475,0.0,2
10-08-2019 01:27:09,-0.7649536,0.068237305,9.391266,0.0015061498,-7.6539814e-05,-0.0012254715,0.0,2
10-08-2019 01:27:09,-0.7667389,0.06285095,9.395447,-0.0024353862,-0.0015720576,0.003624916,0.0,2
10-08-2019 01:27:09,-0.7655487,0.06225586,9.391266,0.001459837,-0.0034583062,0.0012426376,0.0,2
10-08-2019 01:27:09,-0.7667389,0.06524658,9.38826,0.0015293956,0.0011493936,0.0012817383,0.0,2
10-08-2019 01:27:09,-0.7685394,0.063446045,9.393051,0.00211519,-0.0044330657,0.004937172,0.0,2
10-08-2019 01:27:09,-0.7661438,0.06524658,9.3906555,0.0028470755,0.0014881939,-0.0038366318,0.0,2
10-08-2019 01:27:09,-0.76734924,0.06524658,9.396057,0.008649409,0.0016791001,0.0010938644,0.0,2
10-08-2019 01:27:09,-0.7691345,0.06643677,9.396057,0.0005440712,-0.0019570738,-0.00044250488,0.0,2
10-08-2019 01:27:09,-0.7685394,0.06465149,9.396652,-0.00067669153,0.00049193203,-0.0038385391,0.0,2
10-08-2019 01:27:09,-0.7661438,0.05986023,9.395447,0.0015205741,0.0003708601,-0.0012960434,0.0,2
10-08-2019 01:27:09,-0.7661438,0.06404114,9.393646,0.0002385974,2.810359e-05,-0.0016336441,0.0,2
10-08-2019 01:27:09,-0.77153015,0.059265137,9.387665,0.0020465255,1.10939145e-05,-0.0009994507,0.0,2
10-08-2019 01:27:09,-0.7637634,0.06465149,9.38887,0.004179895,0.0010853335,0.0021305084,0.0,2
10-08-2019 01:27:09,-0.7727356,0.068237305,9.396652,0.002809167,6.432086e-05,-0.002907753,0.0,2
10-08-2019 01:27:09,-0.7685394,0.063446045,9.396652,0.0019007921,0.00041099638,-0.00030612946,0.0,2
10-08-2019 01:27:09,-0.77033997,0.063446045,9.393646,0.0034224987,-0.0026325323,0.0026397705,0.0,2
10-08-2019 01:27:09,-0.76615906,0.061660767,9.396042,0.003633976,-0.0013264678,0.00020885468,0.0,2
10-08-2019 01:27:09,-0.7661438,0.059265137,9.396652,-0.00053554773,0.0019649118,0.0009946823,0.0,2
10-08-2019 01:27:09,-0.76615906,0.05986023,9.3984375,-0.0003823638,-0.0010266155,-0.0036668777,0.0,2
10-08-2019 01:27:09,-0.77033997,0.061065674,9.395447,0.005701959,0.0028338954,0.0020036697,0.0,2
10-08-2019 01:27:09,-0.7685394,0.06524658,9.394852,0.0017052293,-0.0025728196,-0.00059604645,0.0,2
10-08-2019 01:27:09,-0.7751312,0.061660767,9.3984375,0.0020886064,-0.0010308325,7.915497e-05,0.0,2
10-08-2019 01:27:09,-0.77093506,0.061050415,9.397842,-0.001098454,0.00019402057,0.000111579895,0.0,2
10-08-2019 01:27:09,-0.77153015,0.060455322,9.397247,-0.002978146,-0.004179634,0.0032863617,0.0,2
10-08-2019 01:27:09,-0.7721405,0.06225586,9.402634,0.001232624,-0.0010743365,-0.00016307831,0.0,2
10-08-2019 01:27:09,-0.76675415,0.060455322,9.3984375,0.00092220306,0.0022800788,0.0031633377,0.0,2
10-08-2019 01:27:09,-0.77093506,0.06465149,9.395447,0.004897177,-0.0056063756,0.0001745224,0.0,2
10-08-2019 01:27:09,-0.76075745,0.065841675,9.3984375,0.0005069375,-0.0032767616,0.0034036636,0.0,2
10-08-2019 01:27:13,-0.7852936,0.08200073,9.393051,0.0032103658,-0.0032685027,0.004213333,0,3
10-08-2019 01:27:13,-0.78230286,0.07421875,9.4062195,0.0032116175,-0.0011197925,0.0008687973,0,3
10-08-2019 01:27:13,-0.7745209,0.080215454,9.400238,-0.0020563006,-0.0007539466,0.0037488937,0,3
10-08-2019 01:27:13,-0.7870941,0.07720947,9.402634,-0.0009058714,-0.0014800951,-0.00025081635,0,3
10-08-2019 01:27:13,-0.786499,0.0796051,9.403229,0.0015842915,0.0035350844,0.0018453598,0,3
10-08-2019 01:27:13,-0.78590393,0.07421875,9.400238,-0.0012699962,-0.0012545437,0.0008420944,0,3
10-08-2019 01:27:13,-0.77871704,0.08320618,9.406815,0.0021425486,0.00029394776,0.0017824173,0,3
10-08-2019 01:27:13,-0.7846985,0.080200195,9.398453,-0.003911376,-0.0032105744,-0.0016908646,0,3
10-08-2019 01:27:13,-0.78829956,0.0796051,9.405624,0.001239419,-0.0009165481,-0.004293442,0,3
10-08-2019 01:27:13,-0.78230286,0.080215454,9.397842,0.004274428,-0.0031565204,-0.0019989014,0.0,3
10-08-2019 01:27:13,-0.7846985,0.07722473,9.405624,0.002652347,-0.0041906163,-0.00051784515,0.0,3
10-08-2019 01:27:13,-0.7829132,0.077819824,9.397842,-0.0022826195,-0.0017484352,0.0012845993,0.0,3
10-08-2019 01:27:13,-0.7829132,0.07601929,9.393051,-0.00012749434,-0.0029253066,0.0028982162,0.0,3
10-08-2019 01:27:13,-0.7727356,0.07901001,9.401428,-0.0035849214,0.0044607744,-4.7683716e-06,0.0,3
10-08-2019 01:27:13,-0.7799072,0.07601929,9.398453,0.0015082359,-0.0015295446,-0.0017595291,0.0,3
10-08-2019 01:27:13,-0.77812195,0.07421875,9.400238,0.0010739565,0.0017447397,-0.0011377335,0.0,3
10-08-2019 01:27:13,-0.78530884,0.07423401,9.399643,0.0015102029,-0.0038595125,0.0029001236,0.0,3
10-08-2019 01:27:13,-0.78230286,0.07661438,9.405029,0.0024698973,-0.0009807125,-0.003602028,0.0,3
10-08-2019 01:27:13,-0.78170776,0.07362366,9.3936615,0.0005684495,0.00041246414,-0.003926277,0.0,3
10-08-2019 01:27:13,-0.7751312,0.07423401,9.404434,0.0013362765,0.0023644269,-0.0022172928,0.0,3
10-08-2019 01:27:13,-0.7763214,0.068237305,9.397247,-0.00072944164,0.0030006692,0.000582695,0.0,3
10-08-2019 01:27:13,-0.7721405,0.07122803,9.399033,0.00019854307,-0.000575833,-0.0007953644,0.0,3
10-08-2019 01:27:13,-0.77752686,0.061660767,9.399048,0.0010216236,-0.0036259778,0.00027656555,0.0,3
10-08-2019 01:27:13,-0.7751312,0.0688324,9.393646,0.0010558963,-0.0012345985,-0.0041542053,0.0,3
10-08-2019 01:27:13,-0.7739258,0.07182312,9.392456,0.0043286085,0.00058029965,-0.004299164,0.0,3
10-08-2019 01:27:13,-0.7751312,0.0688324,9.393051,0.005310595,8.293241e-05,0.0007953644,0.0,3
10-08-2019 01:27:13,-0.7805176,0.06643677,9.395447,0.0003105998,-0.00033654273,-0.0010032654,0.0,3
10-08-2019 01:27:13,-0.77871704,0.06524658,9.395447,0.00090044737,-0.0021408983,0.0021877289,0.0,3
10-08-2019 01:27:13,-0.7769165,0.06703186,9.399048,0.001693368,0.0025143512,0.001490593,0.0,3
10-08-2019 01:27:13,-0.7763214,0.058670044,9.393051,0.00081831217,-0.0016499907,0.0041971207,0.0,3
10-08-2019 01:27:13,-0.7769165,0.059265137,9.394257,0.0032321215,-0.0003305748,0.0016393661,0.0,3
10-08-2019 01:27:13,-0.7757263,0.05506897,9.386475,0.00570482,-0.004520841,-3.71933e-05,0.0,3
10-08-2019 01:27:13,-0.7727356,0.061050415,9.393646,0.0044896007,-0.0024549589,0.0035943985,0.0,3
10-08-2019 01:27:13,-0.77153015,0.0574646,9.38826,-0.00057321787,0.002844572,0.002064705,0.0,3
10-08-2019 01:27:13,-0.7739258,0.058670044,9.3906555,0.004773915,0.0019518062,0.0026044846,0.0,3
10-08-2019 01:27:13,-0.7769165,0.055664063,9.391266,0.0012192726,0.0044401437,-0.0017518997,0.0,3
10-08-2019 01:27:13,-0.7763214,0.06225586,9.396042,0.0043874383,0.0036515668,-0.005473137,0.0,3
10-08-2019 01:27:13,-0.77812195,0.05986023,9.394257,0.0032904744,-0.0028980896,-0.0019655228,0.0,3
10-08-2019 01:27:13,-0.7757263,0.063446045,9.399033,0.002163887,-0.0016453937,0.00034809113,0.0,3
10-08-2019 01:27:13,-0.77153015,0.06465149,9.400833,0.001410842,0.003305979,-0.0025405884,0.0,3
10-08-2019 01:27:13,-0.7733307,0.061660767,9.396057,0.0013612509,-0.0006923452,0.0035629272,0.0,3
10-08-2019 01:27:13,-0.76794434,0.061065674,9.399643,0.0026052594,0.0007191822,0.0016260147,0.0,3
10-08-2019 01:27:13,-0.77093506,0.065841675,9.399048,0.001554966,-6.1549246e-05,-0.00042247772,0.0,3
10-08-2019 01:27:13,-0.7763214,0.06643677,9.3984375,0.003804326,-0.003999196,0.00095176697,0.0,3
10-08-2019 01:27:13,-0.7697449,0.06764221,9.396637,0.0041565895,-0.00047112256,-0.0056848526,0.0,3
10-08-2019 01:27:13,-0.77153015,0.07122803,9.399033,0.0027171373,-0.0029577836,-0.0037260056,0.0,3
10-08-2019 01:27:13,-0.7727356,0.0748291,9.391266,0.002774775,0.0026937872,0.0027456284,0.0,3
10-08-2019 01:27:13,-0.76734924,0.06285095,9.391861,0.0018176436,4.053116e-06,0.0010557175,0.0,3
10-08-2019 01:27:13,-0.77033997,0.065841675,9.397247,0.009093285,-0.00051499903,-0.00078964233,0.0,3
10-08-2019 01:27:13,-0.7721405,0.06465149,9.39006,0.0032933354,-0.0052985325,-0.002087593,0.0,3
10-08-2019 01:27:13,-0.77093506,0.06465149,9.394257,0.0035503507,0.0025675595,0.0022745132,0.0,3
10-08-2019 01:27:13,-0.7745209,0.063446045,9.391861,0.0034638047,-0.00051946193,0.0036010742,0.0,3
10-08-2019 01:27:13,-0.77093506,0.06285095,9.4014435,0.0021253824,0.003954366,0.0052814484,0.0,3
10-08-2019 01:27:13,-0.7721405,0.06643677,9.394257,-2.3066998e-05,-0.0012446493,0.0015611649,0.0,3
10-08-2019 01:27:13,-0.7727356,0.06524658,9.391861,-0.0026522875,-0.0012964867,-0.006494522,0.0,3
10-08-2019 01:27:13,-0.77033997,0.06465149,9.394852,0.0013232231,0.0021241605,-0.0006837845,0.0,3
10-08-2019 01:27:13,-0.7697296,0.059265137,9.395447,0.0040380955,-0.00068276376,-0.003586769,0.0,3
10-08-2019 01:27:13,-0.7685394,0.06643677,9.3858795,0.0041850805,0.002894424,0.0008916855,0.0,3
10-08-2019 01:27:13,-0.76794434,0.06225586,9.391861,0.0015580058,-0.00094264,-0.0029611588,0.0,3
10-08-2019 01:27:13,-0.77153015,0.06404114,9.393051,0.0027320385,0.0013893694,0.0008239746,0.0,3
10-08-2019 01:27:13,-0.76794434,0.065841675,9.397247,-0.0026789904,-0.0023479238,0.0009775162,0.0,3
10-08-2019 01:27:13,-0.762558,0.063446045,9.3906555,0.0054300427,-0.0016680136,0.0019207001,0.0,3
10-08-2019 01:27:13,-0.7649536,0.058654785,9.388275,-0.0005311966,0.0015183911,0.0028944016,0.0,3
10-08-2019 01:27:13,-0.75956726,0.06404114,9.395447,0.0025359392,-0.002032809,0.0015630722,0.0,3
10-08-2019 01:27:13,-0.7643585,0.06285095,9.391861,0.0019811392,0.00027749687,-0.00013256073,0.0,3
10-08-2019 01:27:13,-0.7619629,0.065841675,9.3984375,-0.002111435,-0.002552081,-0.0020370483,0.0,3
10-08-2019 01:27:13,-0.762558,0.06225586,9.396652,0.0014831424,-0.0002252832,-0.001709938,0.0,3
10-08-2019 01:27:13,-0.7691345,0.06465149,9.403824,-0.001380384,0.0019000322,0.0033216476,0.0,3
10-08-2019 01:27:13,-0.7655487,0.06225586,9.3936615,0.002636373,-0.00022006035,-0.00015449524,0.0,3
10-08-2019 01:27:13,-0.7697449,0.06404114,9.38826,0.0019096732,-0.0018765703,0.0011129379,0.0,3
10-08-2019 01:27:13,-0.77093506,0.06643677,9.391251,0.0037721395,-0.0042631254,2.670288e-05,0.0,3
10-08-2019 01:27:13,-0.7685394,0.056259155,9.38826,0.0010229349,-0.0006779134,0.0040483475,0.0,3
10-08-2019 01:27:13,-0.7649536,0.068237305,9.391266,0.0015061498,-7.6539814e-05,-0.0012254715,0.0,3
10-08-2019 01:27:13,-0.7667389,0.06285095,9.395447,-0.0024353862,-0.0015720576,0.003624916,0.0,3
10-08-2019 01:27:13,-0.7655487,0.06225586,9.391266,0.001459837,-0.0034583062,0.0012426376,0.0,3
10-08-2019 01:27:13,-0.7667389,0.06524658,9.38826,0.0015293956,0.0011493936,0.0012817383,0.0,3
10-08-2019 01:27:13,-0.7685394,0.063446045,9.393051,0.00211519,-0.0044330657,0.004937172,0.0,3
10-08-2019 01:27:13,-0.7661438,0.06524658,9.3906555,0.0028470755,0.0014881939,-0.0038366318,0.0,3
10-08-2019 01:27:13,-0.76734924,0.06524658,9.396057,0.008649409,0.0016791001,0.0010938644,0.0,3
10-08-2019 01:27:13,-0.7691345,0.06643677,9.396057,0.0005440712,-0.0019570738,-0.00044250488,0.0,3
10-08-2019 01:27:13,-0.7685394,0.06465149,9.396652,-0.00067669153,0.00049193203,-0.0038385391,0.0,3
10-08-2019 01:27:13,-0.7661438,0.05986023,9.395447,0.0015205741,0.0003708601,-0.0012960434,0.0,3
10-08-2019 01:27:13,-0.7661438,0.06404114,9.393646,0.0002385974,2.810359e-05,-0.0016336441,0.0,3
10-08-2019 01:27:13,-0.77153015,0.059265137,9.387665,0.0020465255,1.10939145e-05,-0.0009994507,0.0,3
10-08-2019 01:27:13,-0.7637634,0.06465149,9.38887,0.004179895,0.0010853335,0.0021305084,0.0,3
10-08-2019 01:27:13,-0.7727356,0.068237305,9.396652,0.002809167,6.432086e-05,-0.002907753,0.0,3
10-08-2019 01:27:13,-0.7685394,0.063446045,9.396652,0.0019007921,0.00041099638,-0.00030612946,0.0,3
10-08-2019 01:27:13,-0.77033997,0.063446045,9.393646,0.0034224987,-0.0026325323,0.0026397705,0.0,3
10-08-2019 01:27:13,-0.76615906,0.061660767,9.396042,0.003633976,-0.0013264678,0.00020885468,0.0,3
10-08-2019 01:27:13,-0.7661438,0.059265137,9.396652,-0.00053554773,0.0019649118,0.0009946823,0.0,3
10-08-2019 01:27:13,-0.76615906,0.05986023,9.3984375,-0.0003823638,-0.0010266155,-0.0036668777,0.0,3
10-08-2019 01:27:13,-0.77033997,0.061065674,9.395447,0.005701959,0.0028338954,0.0020036697,0.0,3
10-08-2019 01:27:13,-0.7685394,0.06524658,9.394852,0.0017052293,-0.0025728196,-0.00059604645,0.0,3
10-08-2019 01:27:13,-0.7751312,0.061660767,9.3984375,0.0020886064,-0.0010308325,7.915497e-05,0.0,3
10-08-2019 01:27:13,-0.77093506,0.061050415,9.397842,-0.001098454,0.00019402057,0.000111579895,0.0,3
10-08-2019 01:27:13,-0.77153015,0.060455322,9.397247,-0.002978146,-0.004179634,0.0032863617,0.0,3
10-08-2019 01:27:13,-0.7721405,0.06225586,9.402634,0.001232624,-0.0010743365,-0.00016307831,0.0,3
10-08-2019 01:27:13,-0.76675415,0.060455322,9.3984375,0.00092220306,0.0022800788,0.0031633377,0.0,3
10-08-2019 01:27:13,-0.77093506,0.06465149,9.395447,0.004897177,-0.0056063756,0.0001745224,0.0,3
10-08-2019 01:27:13,-0.76075745,0.065841675,9.3984375,0.0005069375,-0.0032767616,0.0034036636,0.0,3
10-08-2019 01:27:13,-0.76794434,0.06285095,9.396652,0.0030902028,-0.0019738749,0.0011749268,0.0,3
10-08-2019 01:27:13,-0.76734924,0.06404114,9.395447,0.0017673969,-0.0038257279,-0.0027656555,0.0,3
10-08-2019 01:27:13,-0.77033997,0.06285095,9.395447,0.005585909,-0.00038496405,0.001376152,0.0,3
10-08-2019 01:27:13,-0.7667389,0.06225586,9.395447,0.005481899,0.0025378168,0.0025730133,0.0,3
10-08-2019 01:27:13,-0.76794434,0.061660767,9.397842,0.0034078956,0.0022311658,-0.0022354126,0.0,3
10-08-2019 01:27:13,-0.7739258,0.06404114,9.393646,-1.8298626e-05,-0.001430165,-0.00061130524,0.0,3
10-08-2019 01:27:13,-0.7655487,0.065841675,9.391861,0.0016812086,-0.0008749105,-0.001996994,0.0,3
10-08-2019 01:27:13,-0.7649536,0.06404114,9.396652,0.00015956163,-0.0016839057,-0.002480507,0.0,3
10-08-2019 01:27:13,-0.7697449,0.063446045,9.39006,0.0035904646,0.00023882836,0.0015630722,0.0,3
10-08-2019 01:27:13,-0.76794434,0.061660767,9.394257,0.0016989112,0.00048794597,-0.0032777786,0.0,3
10-08-2019 01:27:13,-0.7661438,0.063446045,9.393051,0.00076156855,0.00019321218,0.0022478104,0.0,3
10-08-2019 01:27:13,-0.7631531,0.05986023,9.396042,-0.0029292107,-0.00032404065,-0.0020799637,0.0,3
10-08-2019 01:27:13,-0.76794434,0.06285095,9.396652,0.004705906,0.0021813288,-0.0010023117,0.0,3
10-08-2019 01:27:13,-0.77033997,0.06524658,9.395447,0.0009152293,-0.00044620782,-0.0033769608,0.0,3
10-08-2019 01:27:13,-0.76794434,0.06465149,9.397842,-8.916855e-05,0.005715817,0.0033740997,0.0,3
10-08-2019 01:27:13,-0.7691345,0.063446045,9.393051,0.002567172,-0.0005244836,0.003900528,0.0,3
10-08-2019 01:27:13,-0.76434326,0.06465149,9.394257,-0.0007071495,-0.0032335594,0.00070858,0.0,3
10-08-2019 01:27:13,-0.7643585,0.061050415,9.391251,0.002483189,-0.0018736944,0.0013456345,0.0,3
10-08-2019 01:27:17,-0.7852936,0.08200073,9.393051,0.0032103658,-0.0032685027,0.004213333,0,2
10-08-2019 01:27:17,-0.78230286,0.07421875,9.4062195,0.0032116175,-0.0011197925,0.0008687973,0,2
10-08-2019 01:27:17,-0.7745209,0.080215454,9.400238,-0.0020563006,-0.0007539466,0.0037488937,0,2
10-08-2019 01:27:17,-0.7870941,0.07720947,9.402634,-0.0009058714,-0.0014800951,-0.00025081635,0,2
10-08-2019 01:27:17,-0.786499,0.0796051,9.403229,0.0015842915,0.0035350844,0.0018453598,0,2
10-08-2019 01:27:17,-0.78590393,0.07421875,9.400238,-0.0012699962,-0.0012545437,0.0008420944,0,2
10-08-2019 01:27:17,-0.77871704,0.08320618,9.406815,0.0021425486,0.00029394776,0.0017824173,0,2
10-08-2019 01:27:17,-0.7846985,0.080200195,9.398453,-0.003911376,-0.0032105744,-0.0016908646,0,2
10-08-2019 01:27:17,-0.78829956,0.0796051,9.405624,0.001239419,-0.0009165481,-0.004293442,0,2
10-08-2019 01:27:17,-0.78230286,0.080215454,9.397842,0.004274428,-0.0031565204,-0.0019989014,0,2
10-08-2019 01:27:17,-0.7846985,0.07722473,9.405624,0.002652347,-0.0041906163,-0.00051784515,0,2
10-08-2019 01:27:17,-0.7829132,0.077819824,9.397842,-0.0022826195,-0.0017484352,0.0012845993,0,2
10-08-2019 01:27:17,-0.7829132,0.07601929,9.393051,-0.00012749434,-0.0029253066,0.0028982162,0,2
10-08-2019 01:27:17,-0.7727356,0.07901001,9.401428,-0.0035849214,0.0044607744,-4.7683716e-06,0.0,2
10-08-2019 01:27:17,-0.7799072,0.07601929,9.398453,0.0015082359,-0.0015295446,-0.0017595291,0.0,2
10-08-2019 01:27:17,-0.77812195,0.07421875,9.400238,0.0010739565,0.0017447397,-0.0011377335,0.0,2
10-08-2019 01:27:17,-0.78530884,0.07423401,9.399643,0.0015102029,-0.0038595125,0.0029001236,0.0,2
10-08-2019 01:27:17,-0.78230286,0.07661438,9.405029,0.0024698973,-0.0009807125,-0.003602028,0.0,2
10-08-2019 01:27:17,-0.78170776,0.07362366,9.3936615,0.0005684495,0.00041246414,-0.003926277,0.0,2
10-08-2019 01:27:17,-0.7751312,0.07423401,9.404434,0.0013362765,0.0023644269,-0.0022172928,0.0,2
10-08-2019 01:27:17,-0.7763214,0.068237305,9.397247,-0.00072944164,0.0030006692,0.000582695,0.0,2
10-08-2019 01:27:17,-0.7721405,0.07122803,9.399033,0.00019854307,-0.000575833,-0.0007953644,0.0,2
10-08-2019 01:27:17,-0.77752686,0.061660767,9.399048,0.0010216236,-0.0036259778,0.00027656555,0.0,2
10-08-2019 01:27:17,-0.7751312,0.0688324,9.393646,0.0010558963,-0.0012345985,-0.0041542053,0.0,2
10-08-2019 01:27:17,-0.7739258,0.07182312,9.392456,0.0043286085,0.00058029965,-0.004299164,0.0,2
10-08-2019 01:27:17,-0.7751312,0.0688324,9.393051,0.005310595,8.293241e-05,0.0007953644,0.0,2
10-08-2019 01:27:17,-0.7805176,0.06643677,9.395447,0.0003105998,-0.00033654273,-0.0010032654,0.0,2
10-08-2019 01:27:17,-0.77871704,0.06524658,9.395447,0.00090044737,-0.0021408983,0.0021877289,0.0,2
10-08-2019 01:27:17,-0.7769165,0.06703186,9.399048,0.001693368,0.0025143512,0.001490593,0.0,2
10-08-2019 01:27:17,-0.7763214,0.058670044,9.393051,0.00081831217,-0.0016499907,0.0041971207,0.0,2
10-08-2019 01:27:17,-0.7769165,0.059265137,9.394257,0.0032321215,-0.0003305748,0.0016393661,0.0,2
10-08-2019 01:27:17,-0.7757263,0.05506897,9.386475,0.00570482,-0.004520841,-3.71933e-05,0.0,2
10-08-2019 01:27:17,-0.7727356,0.061050415,9.393646,0.0044896007,-0.0024549589,0.0035943985,0.0,2
10-08-2019 01:27:17,-0.77153015,0.0574646,9.38826,-0.00057321787,0.002844572,0.002064705,0.0,2
10-08-2019 01:27:17,-0.7739258,0.058670044,9.3906555,0.004773915,0.0019518062,0.0026044846,0.0,2
10-08-2019 01:27:17,-0.7769165,0.055664063,9.391266,0.0012192726,0.0044401437,-0.0017518997,0.0,2
10-08-2019 01:27:17,-0.7763214,0.06225586,9.396042,0.0043874383,0.0036515668,-0.005473137,0.0,2
10-08-2019 01:27:17,-0.77812195,0.05986023,9.394257,0.0032904744,-0.0028980896,-0.0019655228,0.0,2
10-08-2019 01:27:17,-0.7757263,0.063446045,9.399033,0.002163887,-0.0016453937,0.00034809113,0.0,2
10-08-2019 01:27:17,-0.77153015,0.06465149,9.400833,0.001410842,0.003305979,-0.0025405884,0.0,2
10-08-2019 01:27:17,-0.7733307,0.061660767,9.396057,0.0013612509,-0.0006923452,0.0035629272,0.0,2
10-08-2019 01:27:17,-0.76794434,0.061065674,9.399643,0.0026052594,0.0007191822,0.0016260147,0.0,2
10-08-2019 01:27:17,-0.77093506,0.065841675,9.399048,0.001554966,-6.1549246e-05,-0.00042247772,0.0,2
10-08-2019 01:27:17,-0.7763214,0.06643677,9.3984375,0.003804326,-0.003999196,0.00095176697,0.0,2
10-08-2019 01:27:17,-0.7697449,0.06764221,9.396637,0.0041565895,-0.00047112256,-0.0056848526,0.0,2
10-08-2019 01:27:17,-0.77153015,0.07122803,9.399033,0.0027171373,-0.0029577836,-0.0037260056,0.0,2
10-08-2019 01:27:17,-0.7727356,0.0748291,9.391266,0.002774775,0.0026937872,0.0027456284,0.0,2
10-08-2019 01:27:17,-0.76734924,0.06285095,9.391861,0.0018176436,4.053116e-06,0.0010557175,0.0,2
10-08-2019 01:27:17,-0.77033997,0.065841675,9.397247,0.009093285,-0.00051499903,-0.00078964233,0.0,2
10-08-2019 01:27:17,-0.7721405,0.06465149,9.39006,0.0032933354,-0.0052985325,-0.002087593,0.0,2
10-08-2019 01:27:17,-0.77093506,0.06465149,9.394257,0.0035503507,0.0025675595,0.0022745132,0.0,2
10-08-2019 01:27:17,-0.7745209,0.063446045,9.391861,0.0034638047,-0.00051946193,0.0036010742,0.0,2
10-08-2019 01:27:17,-0.77093506,0.06285095,9.4014435,0.0021253824,0.003954366,0.0052814484,0.0,2
10-08-2019 01:27:17,-0.7721405,0.06643677,9.394257,-2.3066998e-05,-0.0012446493,0.0015611649,0.0,2
10-08-2019 01:27:17,-0.7727356,0.06524658,9.391861,-0.0026522875,-0.0012964867,-0.006494522,0.0,2
10-08-2019 01:27:17,-0.77033997,0.06465149,9.394852,0.0013232231,0.0021241605,-0.0006837845,0.0,2
10-08-2019 01:27:17,-0.7697296,0.059265137,9.395447,0.0040380955,-0.00068276376,-0.003586769,0.0,2
10-08-2019 01:27:17,-0.7685394,0.06643677,9.3858795,0.0041850805,0.002894424,0.0008916855,0.0,2
10-08-2019 01:27:17,-0.76794434,0.06225586,9.391861,0.0015580058,-0.00094264,-0.0029611588,0.0,2
10-08-2019 01:27:17,-0.77153015,0.06404114,9.393051,0.0027320385,0.0013893694,0.0008239746,0.0,2
10-08-2019 01:27:17,-0.76794434,0.065841675,9.397247,-0.0026789904,-0.0023479238,0.0009775162,0.0,2
10-08-2019 01:27:17,-0.762558,0.063446045,9.3906555,0.0054300427,-0.0016680136,0.0019207001,0.0,2
10-08-2019 01:27:17,-0.7649536,0.058654785,9.388275,-0.0005311966,0.0015183911,0.0028944016,0.0,2
10-08-2019 01:27:17,-0.75956726,0.06404114,9.395447,0.0025359392,-0.002032809,0.0015630722,0.0,2
10-08-2019 01:27:17,-0.7643585,0.06285095,9.391861,0.0019811392,0.00027749687,-0.00013256073,0.0,2
10-08-2019 01:27:17,-0.7619629,0.065841675,9.3984375,-0.002111435,-0.002552081,-0.0020370483,0.0,2
10-08-2019 01:27:17,-0.762558,0.06225586,9.396652,0.0014831424,-0.0002252832,-0.001709938,0.0,2
10-08-2019 01:27:17,-0.7691345,0.06465149,9.403824,-0.001380384,0.0019000322,0.0033216476,0.0,2
10-08-2019 01:27:17,-0.7655487,0.06225586,9.3936615,0.002636373,-0.00022006035,-0.00015449524,0.0,2
10-08-2019 01:27:17,-0.7697449,0.06404114,9.38826,0.0019096732,-0.0018765703,0.0011129379,0.0,2
10-08-2019 01:27:17,-0.77093506,0.06643677,9.391251,0.0037721395,-0.0042631254,2.670288e-05,0.0,2
10-08-2019 01:27:17,-0.7685394,0.056259155,9.38826,0.0010229349,-0.0006779134,0.0040483475,0.0,2
10-08-2019 01:27:17,-0.7649536,0.068237305,9.391266,0.0015061498,-7.6539814e-05,-0.0012254715,0.0,2
10-08-2019 01:27:17,-0.7667389,0.06285095,9.395447,-0.0024353862,-0.0015720576,0.003624916,0.0,2
10-08-2019 01:27:17,-0.7655487,0.06225586,9.391266,0.001459837,-0.0034583062,0.0012426376,0.0,2
10-08-2019 01:27:17,-0.7667389,0.06524658,9.38826,0.0015293956,0.0011493936,0.0012817383,0.0,2
10-08-2019 01:27:17,-0.7685394,0.063446045,9.393051,0.00211519,-0.0044330657,0.004937172,0.0,2
10-08-2019 01:27:17,-0.7661438,0.06524658,9.3906555,0.0028470755,0.0014881939,-0.0038366318,0.0,2
10-08-2019 01:27:17,-0.76734924,0.06524658,9.396057,0.008649409,0.0016791001,0.0010938644,0.0,2
10-08-2019 01:27:17,-0.7691345,0.06643677,9.396057,0.0005440712,-0.0019570738,-0.00044250488,0.0,2
10-08-2019 01:27:17,-0.7685394,0.06465149,9.396652,-0.00067669153,0.00049193203,-0.0038385391,0.0,2
10-08-2019 01:27:17,-0.7661438,0.05986023,9.395447,0.0015205741,0.0003708601,-0.0012960434,0.0,2
10-08-2019 01:27:17,-0.7661438,0.06404114,9.393646,0.0002385974,2.810359e-05,-0.0016336441,0.0,2
10-08-2019 01:27:17,-0.77153015,0.059265137,9.387665,0.0020465255,1.10939145e-05,-0.0009994507,0.0,2
10-08-2019 01:27:17,-0.7637634,0.06465149,9.38887,0.004179895,0.0010853335,0.0021305084,0.0,2
10-08-2019 01:27:17,-0.7727356,0.068237305,9.396652,0.002809167,6.432086e-05,-0.002907753,0.0,2
10-08-2019 01:27:17,-0.7685394,0.063446045,9.396652,0.0019007921,0.00041099638,-0.00030612946,0.0,2
10-08-2019 01:27:17,-0.77033997,0.063446045,9.393646,0.0034224987,-0.0026325323,0.0026397705,0.0,2
10-08-2019 01:27:17,-0.76615906,0.061660767,9.396042,0.003633976,-0.0013264678,0.00020885468,0.0,2
10-08-2019 01:27:17,-0.7661438,0.059265137,9.396652,-0.00053554773,0.0019649118,0.0009946823,0.0,2
10-08-2019 01:27:17,-0.76615906,0.05986023,9.3984375,-0.0003823638,-0.0010266155,-0.0036668777,0.0,2
10-08-2019 01:27:17,-0.77033997,0.061065674,9.395447,0.005701959,0.0028338954,0.0020036697,0.0,2
10-08-2019 01:27:17,-0.7685394,0.06524658,9.394852,0.0017052293,-0.0025728196,-0.00059604645,0.0,2
10-08-2019 01:27:17,-0.7751312,0.061660767,9.3984375,0.0020886064,-0.0010308325,7.915497e-05,0.0,2
10-08-2019 01:27:17,-0.77093506,0.061050415,9.397842,-0.001098454,0.00019402057,0.000111579895,0.0,2
10-08-2019 01:27:17,-0.77153015,0.060455322,9.397247,-0.002978146,-0.004179634,0.0032863617,0.0,2
10-08-2019 01:27:17,-0.7721405,0.06225586,9.402634,0.001232624,-0.0010743365,-0.00016307831,0.0,2
10-08-2019 01:27:17,-0.76675415,0.060455322,9.3984375,0.00092220306,0.0022800788,0.0031633377,0.0,2
10-08-2019 01:27:17,-0.77093506,0.06465149,9.395447,0.004897177,-0.0056063756,0.0001745224,0.0,2
10-08-2019 01:27:17,-0.76075745,0.065841675,9.3984375,0.0005069375,-0.0032767616,0.0034036636,0.0,2
10-08-2019 01:27:17,-0.76794434,0.06285095,9.396652,0.0030902028,-0.0019738749,0.0011749268,0.0,2
10-08-2019 01:27:17,-0.76734924,0.06404114,9.395447,0.0017673969,-0.0038257279,-0.0027656555,0.0,2
10-08-2019 01:27:17,-0.77033997,0.06285095,9.395447,0.005585909,-0.00038496405,0.001376152,0.0,2
10-08-2019 01:27:17,-0.7667389,0.06225586,9.395447,0.005481899,0.0025378168,0.0025730133,0.0,2
10-08-2019 01:27:17,-0.76794434,0.061660767,9.397842,0.0034078956,0.0022311658,-0.0022354126,0.0,2
10-08-2019 01:27:17,-0.7739258,0.06404114,9.393646,-1.8298626e-05,-0.001430165,-0.00061130524,0.0,2
10-08-2019 01:27:17,-0.7655487,0.065841675,9.391861,0.0016812086,-0.0008749105,-0.001996994,0.0,2
10-08-2019 01:27:17,-0.7649536,0.06404114,9.396652,0.00015956163,-0.0016839057,-0.002480507,0.0,2
10-08-2019 01:27:17,-0.7697449,0.063446045,9.39006,0.0035904646,0.00023882836,0.0015630722,0.0,2
10-08-2019 01:27:17,-0.76794434,0.061660767,9.394257,0.0016989112,0.00048794597,-0.0032777786,0.0,2
10-08-2019 01:27:17,-0.7661438,0.063446045,9.393051,0.00076156855,0.00019321218,0.0022478104,0.0,2
10-08-2019 01:27:17,-0.7631531,0.05986023,9.396042,-0.0029292107,-0.00032404065,-0.0020799637,0.0,2
10-08-2019 01:27:17,-0.76794434,0.06285095,9.396652,0.004705906,0.0021813288,-0.0010023117,0.0,2
10-08-2019 01:27:17,-0.77033997,0.06524658,9.395447,0.0009152293,-0.00044620782,-0.0033769608,0.0,2
10-08-2019 01:27:17,-0.76794434,0.06465149,9.397842,-8.916855e-05,0.005715817,0.0033740997,0.0,2
10-08-2019 01:27:17,-0.7691345,0.063446045,9.393051,0.002567172,-0.0005244836,0.003900528,0.0,2
10-08-2019 01:27:17,-0.76434326,0.06465149,9.394257,-0.0007071495,-0.0032335594,0.00070858,0.0,2
10-08-2019 01:27:17,-0.7643585,0.061050415,9.391251,0.002483189,-0.0018736944,0.0013456345,0.0,2
10-08-2019 01:27:17,-0.7697449,0.065841675,9.394257,0.006272614,0.0010814965,-0.0009822845,0.0,2
10-08-2019 01:27:17,-0.77033997,0.0640564,9.395447,0.0024937987,-0.0026854873,-0.00016307831,0.0,2
10-08-2019 01:27:17,-0.7811127,0.061660767,9.39006,0.0034785867,0.0019267052,-0.00048542023,0.0,2
10-08-2019 01:27:17,-0.76794434,0.061050415,9.400833,0.0015496016,0.0014951751,0.00014209747,0.0,2
10-08-2019 01:27:17,-0.7733307,0.06404114,9.394852,0.0018048882,-0.0019645765,-0.0010414124,0.0,2
10-08-2019 01:27:17,-0.77153015,0.065841675,9.400833,0.0020321012,0.0009512082,-0.0022554398,0.0,2
10-08-2019 01:27:17,-0.7685394,0.058654785,9.393051,-0.00027024746,-0.0027919114,0.0005674362,0.0,2
10-08-2019 01:27:17,-0.7685394,0.055664063,9.400238,0.0025826097,-0.0017946288,0.0032310486,0.0,2
10-08-2019 01:27:17,-0.7733307,0.06285095,9.400238,0.0047459602,-0.004520245,-0.004975319,0.0,2
10-08-2019 01:27:17,-0.77153015,0.056869507,9.396652,0.0010148883,-0.0027460754,0.0039157867,0.0,2
10-08-2019 01:27:17,-0.76794434,0.056869507,9.400833,0.0034880042,0.0016424917,-0.0025091171,0.0,2
10-08-2019 01:27:17,-0.7661438,0.06285095,9.396042,0.0034935474,0.0007080287,-4.5776367e-05,0.0,2
10-08-2019 01:27:17,-0.7655487,0.060455322,9.402634,0.0046174526,0.00310079,6.0081482e-05,0.0,2
10-08-2019 01:27:17,-0.7619629,0.06764221,9.399048,0.000664413,-0.00016397983,-0.0018892288,0.0,2
10-08-2019 01:27:17,-0.7691498,0.06225586,9.394257,0.0026580691,0.0004112646,-0.0007419586,0.0,2
10-08-2019 01:27:17,-0.7691345,0.056869507,9.395447,0.00406605,-0.0028779656,0.0016222,0.0,2
10-08-2019 01:27:17,-0.76615906,0.060455322,9.396042,-0.00017756224,-0.0045677796,-0.0032444,0.0,2
10-08-2019 01:27:17,-0.7697449,0.0574646,9.393051,-0.0008146167,-0.00034392625,0.0062971115,0.0,2
10-08-2019 01:27:17,-0.76675415,0.05986023,9.396637,0.0027609468,-0.0028341524,0.0023107529,0.0,2
10-08-2019 01:27:17,-0.76734924,0.06285095,9.391266,0.0031492114,-0.0035386123,-0.000749588,0.0,2
10-08-2019 01:27:21,-0.7852936,0.08200073,9.393051,0.0032103658,-0.0032685027,0.004213333,0,2
10-08-2019 01:27:21,-0.78230286,0.07421875,9.4062195,0.0032116175,-0.0011197925,0.0008687973,0,2
10-08-2019 01:27:21,-0.7745209,0.080215454,9.400238,-0.0020563006,-0.0007539466,0.0037488937,0,2
10-08-2019 01:27:21,-0.7870941,0.07720947,9.402634,-0.0009058714,-0.0014800951,-0.00025081635,0,2
10-08-2019 01:27:21,-0.786499,0.0796051,9.403229,0.0015842915,0.0035350844,0.0018453598,0,2
10-08-2019 01:27:21,-0.78590393,0.07421875,9.400238,-0.0012699962,-0.0012545437,0.0008420944,0,2
10-08-2019 01:27:21,-0.77871704,0.08320618,9.406815,0.0021425486,0.00029394776,0.0017824173,0,2
10-08-2019 01:27:21,-0.7846985,0.080200195,9.398453,-0.003911376,-0.0032105744,-0.0016908646,0,2
10-08-2019 01:27:21,-0.78829956,0.0796051,9.405624,0.001239419,-0.0009165481,-0.004293442,0,2
10-08-2019 01:27:21,-0.78230286,0.080215454,9.397842,0.004274428,-0.0031565204,-0.0019989014,0,2
10-08-2019 01:27:21,-0.7846985,0.07722473,9.405624,0.002652347,-0.0041906163,-0.00051784515,0,2
10-08-2019 01:27:21,-0.7829132,0.077819824,9.397842,-0.0022826195,-0.0017484352,0.0012845993,0,2
10-08-2019 01:27:21,-0.7829132,0.07601929,9.393051,-0.00012749434,-0.0029253066,0.0028982162,0,2
10-08-2019 01:27:21,-0.7727356,0.07901001,9.401428,-0.0035849214,0.0044607744,-4.7683716e-06,0,2
10-08-2019 01:27:21,-0.7799072,0.07601929,9.398453,0.0015082359,-0.0015295446,-0.0017595291,0,2
10-08-2019 01:27:21,-0.77812195,0.07421875,9.400238,0.0010739565,0.0017447397,-0.0011377335,0,2
10-08-2019 01:27:21,-0.78530884,0.07423401,9.399643,0.0015102029,-0.0038595125,0.0029001236,0,2
10-08-2019 01:27:21,-0.78230286,0.07661438,9.405029,0.0024698973,-0.0009807125,-0.003602028,0.0,2
10-08-2019 01:27:21,-0.78170776,0.07362366,9.3936615,0.0005684495,0.00041246414,-0.003926277,0.0,2
10-08-2019 01:27:21,-0.7751312,0.07423401,9.404434,0.0013362765,0.0023644269,-0.0022172928,0.0,2
10-08-2019 01:27:21,-0.7763214,0.068237305,9.397247,-0.00072944164,0.0030006692,0.000582695,0.0,2
10-08-2019 01:27:21,-0.7721405,0.07122803,9.399033,0.00019854307,-0.000575833,-0.0007953644,0.0,2
10-08-2019 01:27:21,-0.77752686,0.061660767,9.399048,0.0010216236,-0.0036259778,0.00027656555,0.0,2
10-08-2019 01:27:21,-0.7751312,0.0688324,9.393646,0.0010558963,-0.0012345985,-0.0041542053,0.0,2
10-08-2019 01:27:21,-0.7739258,0.07182312,9.392456,0.0043286085,0.00058029965,-0.004299164,0.0,2
10-08-2019 01:27:21,-0.7751312,0.0688324,9.393051,0.005310595,8.293241e-05,0.0007953644,0.0,2
10-08-2019 01:27:21,-0.7805176,0.06643677,9.395447,0.0003105998,-0.00033654273,-0.0010032654,0.0,2
10-08-2019 01:27:21,-0.77871704,0.06524658,9.395447,0.00090044737,-0.0021408983,0.0021877289,0.0,2
10-08-2019 01:27:21,-0.7769165,0.06703186,9.399048,0.001693368,0.0025143512,0.001490593,0.0,2
10-08-2019 01:27:21,-0.7763214,0.058670044,9.393051,0.00081831217,-0.0016499907,0.0041971207,0.0,2
10-08-2019 01:27:21,-0.7769165,0.059265137,9.394257,0.0032321215,-0.0003305748,0.0016393661,0.0,2
10-08-2019 01:27:21,-0.7757263,0.05506897,9.386475,0.00570482,-0.004520841,-3.71933e-05,0.0,2
10-08-2019 01:27:21,-0.7727356,0.061050415,9.393646,0.0044896007,-0.0024549589,0.0035943985,0.0,2
10-08-2019 01:27:21,-0.77153015,0.0574646,9.38826,-0.00057321787,0.002844572,0.002064705,0.0,2
10-08-2019 01:27:21,-0.7739258,0.058670044,9.3906555,0.004773915,0.0019518062,0.0026044846,0.0,2
10-08-2019 01:27:21,-0.7769165,0.055664063,9.391266,0.0012192726,0.0044401437,-0.0017518997,0.0,2
10-08-2019 01:27:21,-0.7763214,0.06225586,9.396042,0.0043874383,0.0036515668,-0.005473137,0.0,2
10-08-2019 01:27:21,-0.77812195,0.05986023,9.394257,0.0032904744,-0.0028980896,-0.0019655228,0.0,2
10-08-2019 01:27:21,-0.7757263,0.063446045,9.399033,0.002163887,-0.0016453937,0.00034809113,0.0,2
10-08-2019 01:27:21,-0.77153015,0.06465149,9.400833,0.001410842,0.003305979,-0.0025405884,0.0,2
10-08-2019 01:27:21,-0.7733307,0.061660767,9.396057,0.0013612509,-0.0006923452,0.0035629272,0.0,2
10-08-2019 01:27:21,-0.76794434,0.061065674,9.399643,0.0026052594,0.0007191822,0.0016260147,0.0,2
10-08-2019 01:27:21,-0.77093506,0.065841675,9.399048,0.001554966,-6.1549246e-05,-0.00042247772,0.0,2
10-08-2019 01:27:21,-0.7763214,0.06643677,9.3984375,0.003804326,-0.003999196,0.00095176697,0.0,2
10-08-2019 01:27:21,-0.7697449,0.06764221,9.396637,0.0041565895,-0.00047112256,-0.0056848526,0.0,2
10-08-2019 01:27:21,-0.77153015,0.07122803,9.399033,0.0027171373,-0.0029577836,-0.0037260056,0.0,2
10-08-2019 01:27:21,-0.7727356,0.0748291,9.391266,0.002774775,0.0026937872,0.0027456284,0.0,2
10-08-2019 01:27:21,-0.76734924,0.06285095,9.391861,0.0018176436,4.053116e-06,0.0010557175,0.0,2
10-08-2019 01:27:21,-0.77033997,0.065841675,9.397247,0.009093285,-0.00051499903,-0.00078964233,0.0,2
10-08-2019 01:27:21,-0.7721405,0.06465149,9.39006,0.0032933354,-0.0052985325,-0.002087593,0.0,2
10-08-2019 01:27:21,-0.77093506,0.06465149,9.394257,0.0035503507,0.0025675595,0.0022745132,0.0,2
10-08-2019 01:27:21,-0.7745209,0.063446045,9.391861,0.0034638047,-0.00051946193,0.0036010742,0.0,2
10-08-2019 01:27:21,-0.77093506,0.06285095,9.4014435,0.0021253824,0.003954366,0.0052814484,0.0,2
10-08-2019 01:27:21,-0.7721405,0.06643677,9.394257,-2.3066998e-05,-0.0012446493,0.0015611649,0.0,2
10-08-2019 01:27:21,-0.7727356,0.06524658,9.391861,-0.0026522875,-0.0012964867,-0.006494522,0.0,2
10-08-2019 01:27:21,-0.77033997,0.06465149,9.394852,0.0013232231,0.0021241605,-0.0006837845,0.0,2
10-08-2019 01:27:21,-0.7697296,0.059265137,9.395447,0.0040380955,-0.00068276376,-0.003586769,0.0,2
10-08-2019 01:27:21,-0.7685394,0.06643677,9.3858795,0.0041850805,0.002894424,0.0008916855,0.0,2
10-08-2019 01:27:21,-0.76794434,0.06225586,9.391861,0.0015580058,-0.00094264,-0.0029611588,0.0,2
10-08-2019 01:27:21,-0.77153015,0.06404114,9.393051,0.0027320385,0.0013893694,0.0008239746,0.0,2
10-08-2019 01:27:21,-0.76794434,0.065841675,9.397247,-0.0026789904,-0.0023479238,0.0009775162,0.0,2
10-08-2019 01:27:21,-0.762558,0.063446045,9.3906555,0.0054300427,-0.0016680136,0.0019207001,0.0,2
10-08-2019 01:27:21,-0.7649536,0.058654785,9.388275,-0.0005311966,0.0015183911,0.0028944016,0.0,2
10-08-2019 01:27:21,-0.75956726,0.06404114,9.395447,0.0025359392,-0.002032809,0.0015630722,0.0,2
10-08-2019 01:27:21,-0.7643585,0.06285095,9.391861,0.0019811392,0.00027749687,-0.00013256073,0.0,2
10-08-2019 01:27:21,-0.7619629,0.065841675,9.3984375,-0.002111435,-0.002552081,-0.0020370483,0.0,2
10-08-2019 01:27:21,-0.762558,0.06225586,9.396652,0.0014831424,-0.0002252832,-0.001709938,0.0,2
10-08-2019 01:27:21,-0.7691345,0.06465149,9.403824,-0.001380384,0.0019000322,0.0033216476,0.0,2
10-08-2019 01:27:21,-0.7655487,0.06225586,9.3936615,0.002636373,-0.00022006035,-0.00015449524,0.0,2
10-08-2019 01:27:21,-0.7697449,0.06404114,9.38826,0.0019096732,-0.0018765703,0.0011129379,0.0,2
10-08-2019 01:27:21,-0.77093506,0.06643677,9.391251,0.0037721395,-0.0042631254,2.670288e-05,0.0,2
10-08-2019 01:27:21,-0.7685394,0.056259155,9.38826,0.0010229349,-0.0006779134,0.0040483475,0.0,2
10-08-2019 01:27:21,-0.7649536,0.068237305,9.391266,0.0015061498,-7.6539814e-05,-0.0012254715,0.0,2
10-08-2019 01:27:21,-0.7667389,0.06285095,9.395447,-0.0024353862,-0.0015720576,0.003624916,0.0,2
10-08-2019 01:27:21,-0.7655487,0.06225586,9.391266,0.001459837,-0.0034583062,0.0012426376,0.0,2
10-08-2019 01:27:21,-0.7667389,0.06524658,9.38826,0.0015293956,0.0011493936,0.0012817383,0.0,2
10-08-2019 01:27:21,-0.7685394,0.063446045,9.393051,0.00211519,-0.0044330657,0.004937172,0.0,2
10-08-2019 01:27:21,-0.7661438,0.06524658,9.3906555,0.0028470755,0.0014881939,-0.0038366318,0.0,2
10-08-2019 01:27:21,-0.76734924,0.06524658,9.396057,0.008649409,0.0016791001,0.0010938644,0.0,2
10-08-2019 01:27:21,-0.7691345,0.06643677,9.396057,0.0005440712,-0.0019570738,-0.00044250488,0.0,2
10-08-2019 01:27:21,-0.7685394,0.06465149,9.396652,-0.00067669153,0.00049193203,-0.0038385391,0.0,2
10-08-2019 01:27:21,-0.7661438,0.05986023,9.395447,0.0015205741,0.0003708601,-0.0012960434,0.0,2
10-08-2019 01:27:21,-0.7661438,0.06404114,9.393646,0.0002385974,2.810359e-05,-0.0016336441,0.0,2
10-08-2019 01:27:21,-0.77153015,0.059265137,9.387665,0.0020465255,1.10939145e-05,-0.0009994507,0.0,2
10-08-2019 01:27:21,-0.7637634,0.06465149,9.38887,0.004179895,0.0010853335,0.0021305084,0.0,2
10-08-2019 01:27:21,-0.7727356,0.068237305,9.396652,0.002809167,6.432086e-05,-0.002907753,0.0,2
10-08-2019 01:27:21,-0.7685394,0.063446045,9.396652,0.0019007921,0.00041099638,-0.00030612946,0.0,2
10-08-2019 01:27:21,-0.77033997,0.063446045,9.393646,0.0034224987,-0.0026325323,0.0026397705,0.0,2
10-08-2019 01:27:21,-0.76615906,0.061660767,9.396042,0.003633976,-0.0013264678,0.00020885468,0.0,2
10-08-2019 01:27:21,-0.7661438,0.059265137,9.396652,-0.00053554773,0.0019649118,0.0009946823,0.0,2
10-08-2019 01:27:21,-0.76615906,0.05986023,9.3984375,-0.0003823638,-0.0010266155,-0.0036668777,0.0,2
10-08-2019 01:27:21,-0.77033997,0.061065674,9.395447,0.005701959,0.0028338954,0.0020036697,0.0,2
10-08-2019 01:27:21,-0.7685394,0.06524658,9.394852,0.0017052293,-0.0025728196,-0.00059604645,0.0,2
10-08-2019 01:27:21,-0.7751312,0.061660767,9.3984375,0.0020886064,-0.0010308325,7.915497e-05,0.0,2
10-08-2019 01:27:21,-0.77093506,0.061050415,9.397842,-0.001098454,0.00019402057,0.000111579895,0.0,2
10-08-2019 01:27:21,-0.77153015,0.060455322,9.397247,-0.002978146,-0.004179634,0.0032863617,0.0,2
10-08-2019 01:27:21,-0.7721405,0.06225586,9.402634,0.001232624,-0.0010743365,-0.00016307831,0.0,2
10-08-2019 01:27:21,-0.76675415,0.060455322,9.3984375,0.00092220306,0.0022800788,0.0031633377,0.0,2
10-08-2019 01:27:21,-0.77093506,0.06465149,9.395447,0.004897177,-0.0056063756,0.0001745224,0.0,2
10-08-2019 01:27:21,-0.76075745,0.065841675,9.3984375,0.0005069375,-0.0032767616,0.0034036636,0.0,2
10-08-2019 01:27:21,-0.76794434,0.06285095,9.396652,0.0030902028,-0.0019738749,0.0011749268,0.0,2
10-08-2019 01:27:21,-0.76734924,0.06404114,9.395447,0.0017673969,-0.0038257279,-0.0027656555,0.0,2
10-08-2019 01:27:21,-0.77033997,0.06285095,9.395447,0.005585909,-0.00038496405,0.001376152,0.0,2
10-08-2019 01:27:21,-0.7667389,0.06225586,9.395447,0.005481899,0.0025378168,0.0025730133,0.0,2
10-08-2019 01:27:21,-0.76794434,0.061660767,9.397842,0.0034078956,0.0022311658,-0.0022354126,0.0,2
10-08-2019 01:27:21,-0.7739258,0.06404114,9.393646,-1.8298626e-05,-0.001430165,-0.00061130524,0.0,2
10-08-2019 01:27:21,-0.7655487,0.065841675,9.391861,0.0016812086,-0.0008749105,-0.001996994,0.0,2
10-08-2019 01:27:21,-0.7649536,0.06404114,9.396652,0.00015956163,-0.0016839057,-0.002480507,0.0,2
10-08-2019 01:27:21,-0.7697449,0.063446045,9.39006,0.0035904646,0.00023882836,0.0015630722,0.0,2
10-08-2019 01:27:21,-0.76794434,0.061660767,9.394257,0.0016989112,0.00048794597,-0.0032777786,0.0,2
10-08-2019 01:27:21,-0.7661438,0.063446045,9.393051,0.00076156855,0.00019321218,0.0022478104,0.0,2
10-08-2019 01:27:21,-0.7631531,0.05986023,9.396042,-0.0029292107,-0.00032404065,-0.0020799637,0.0,2
10-08-2019 01:27:21,-0.76794434,0.06285095,9.396652,0.004705906,0.0021813288,-0.0010023117,0.0,2
10-08-2019 01:27:21,-0.77033997,0.06524658,9.395447,0.0009152293,-0.00044620782,-0.0033769608,0.0,2
10-08-2019 01:27:21,-0.76794434,0.06465149,9.397842,-8.916855e-05,0.005715817,0.0033740997,0.0,2
10-08-2019 01:27:21,-0.7691345,0.063446045,9.393051,0.002567172,-0.0005244836,0.003900528,0.0,2
10-08-2019 01:27:21,-0.76434326,0.06465149,9.394257,-0.0007071495,-0.0032335594,0.00070858,0.0,2
10-08-2019 01:27:21,-0.7643585,0.061050415,9.391251,0.002483189,-0.0018736944,0.0013456345,0.0,2
10-08-2019 01:27:21,-0.7697449,0.065841675,9.394257,0.006272614,0.0010814965,-0.0009822845,0.0,2
10-08-2019 01:27:21,-0.77033997,0.0640564,9.395447,0.0024937987,-0.0026854873,-0.00016307831,0.0,2
10-08-2019 01:27:21,-0.7811127,0.061660767,9.39006,0.0034785867,0.0019267052,-0.00048542023,0.0,2
10-08-2019 01:27:21,-0.76794434,0.061050415,9.400833,0.0015496016,0.0014951751,0.00014209747,0.0,2
10-08-2019 01:27:21,-0.7733307,0.06404114,9.394852,0.0018048882,-0.0019645765,-0.0010414124,0.0,2
10-08-2019 01:27:21,-0.77153015,0.065841675,9.400833,0.0020321012,0.0009512082,-0.0022554398,0.0,2
10-08-2019 01:27:21,-0.7685394,0.058654785,9.393051,-0.00027024746,-0.0027919114,0.0005674362,0.0,2
10-08-2019 01:27:21,-0.7685394,0.055664063,9.400238,0.0025826097,-0.0017946288,0.0032310486,0.0,2
10-08-2019 01:27:21,-0.7733307,0.06285095,9.400238,0.0047459602,-0.004520245,-0.004975319,0.0,2
10-08-2019 01:27:21,-0.77153015,0.056869507,9.396652,0.0010148883,-0.0027460754,0.0039157867,0.0,2
10-08-2019 01:27:21,-0.76794434,0.056869507,9.400833,0.0034880042,0.0016424917,-0.0025091171,0.0,2
10-08-2019 01:27:21,-0.7661438,0.06285095,9.396042,0.0034935474,0.0007080287,-4.5776367e-05,0.0,2
10-08-2019 01:27:21,-0.7655487,0.060455322,9.402634,0.0046174526,0.00310079,6.0081482e-05,0.0,2
10-08-2019 01:27:21,-0.7619629,0.06764221,9.399048,0.000664413,-0.00016397983,-0.0018892288,0.0,2
10-08-2019 01:27:21,-0.7691498,0.06225586,9.394257,0.0026580691,0.0004112646,-0.0007419586,0.0,2
10-08-2019 01:27:21,-0.7691345,0.056869507,9.395447,0.00406605,-0.0028779656,0.0016222,0.0,2
10-08-2019 01:27:21,-0.76615906,0.060455322,9.396042,-0.00017756224,-0.0045677796,-0.0032444,0.0,2
10-08-2019 01:27:21,-0.7697449,0.0574646,9.393051,-0.0008146167,-0.00034392625,0.0062971115,0.0,2
10-08-2019 01:27:21,-0.76675415,0.05986023,9.396637,0.0027609468,-0.0028341524,0.0023107529,0.0,2
10-08-2019 01:27:21,-0.76734924,0.06285095,9.391266,0.0031492114,-0.0035386123,-0.000749588,0.0,2
10-08-2019 01:27:21,-0.76734924,0.059265137,9.394257,0.0039941072,0.0043819174,0.0015516281,0.0,2
10-08-2019 01:27:21,-0.7691498,0.06285095,9.397247,0.005419314,-0.0008129105,0.0050992966,0.0,2
10-08-2019 01:27:21,-0.7751312,0.061660767,9.396652,0.002127707,0.00087539107,0.001074791,0.0,2
10-08-2019 01:27:21,-0.7661438,0.063446045,9.391266,0.0038324594,-0.00031410903,-0.0036325455,0.0,2
10-08-2019 01:27:21,-0.76615906,0.06225586,9.388275,0.006114304,-0.0023204684,-0.0003938675,0.0,2
10-08-2019 01:27:21,-0.7685394,0.065841675,9.391861,0.0021098852,0.0008681938,-0.0010290146,0.0,2
10-08-2019 01:27:21,-0.7691498,0.0688324,9.396652,0.003906429,-0.006470464,0.0037841797,0.0,2
10-08-2019 01:27:21,-0.77093506,0.06942749,9.394852,-0.0005542636,0.00052043423,0.0013895035,0.0,2
10-08-2019 01:27:21,-0.76794434,0.060455322,9.399048,0.0027885437,-0.0016600899,-0.0037994385,0.0,2
10-08-2019 01:27:21,-0.7721405,0.06463623,9.396652,0.0006838441,0.00035921857,0.0006971359,0.0,2
10-08-2019 01:27:21,-0.77093506,0.059265137,9.392456,0.0039450526,0.0029596016,0.00012493134,0.0,2
10-08-2019 01:27:21,-0.7667389,0.06404114,9.395447,0.00032252073,0.00015467405,0.0028772354,0.0,2
10-08-2019 01:27:21,-0.76734924,0.06285095,9.3906555,0.0022324324,-0.00038749725,-0.001627922,0.0,2
10-08-2019 01:27:21,-0.7685394,0.06524658,9.398453,-0.0020769835,0.0015408918,-0.0038499832,0.0,2
10-08-2019 01:27:21,-0.7685394,0.06643677,9.394257,0.0017011762,0.00060749054,0.0022821426,0.0,2
10-08-2019 01:27:21,-0.76794434,0.06524658,9.391861,0.0022393465,-0.0012838319,4.7683716e-05,0.0,2
10-08-2019 01:27:21,-0.7727356,0.06285095,9.391266,0.00045973063,-0.0014693663,0.0009050369,0.0,2
10-08-2019 01:27:21,-0.7697449,0.06703186,9.393051,0.004455626,-0.002671484,-0.0013494492,0.0,2
10-08-2019 01:27:21,-0.7697449,0.06404114,9.393051,0.0024612546,-0.006246045,0.0011539459,0.0,2
