10-08-2019 01:59:59,7.5286865,3.9382172,-3.4934998,0.02310896,-0.00814414,0.04583502,0.0,4
10-08-2019 01:59:59,7.5641174,3.9152374,-3.427414,0.012295723,-0.018129587,0.03765154,0.0,4
10-08-2019 01:59:59,7.487747,3.9559326,-3.4602203,-0.020811081,0.023133993,-0.011252403,0.0,4
10-08-2019 01:59:59,7.4582977,3.9475555,-3.4887085,0.047923088,-0.00868082,0.03520608,0.0,4
10-08-2019 01:59:59,7.5331116,3.8878326,-3.5126495,0.0024027824,0.009361029,-0.0024256706,0.0,4
10-08-2019 01:59:59,7.4780426,3.921341,-3.5467682,-0.014575958,0.007675886,0.018594027,0.0,4
10-08-2019 01:59:59,7.438553,3.924942,-3.573578,0.007973671,0.009806156,-0.019740105,0.0,4
10-08-2019 01:59:59,7.493973,3.8926086,-3.5618591,0.02726841,-0.023935318,0.0062589645,0.0,4
10-08-2019 01:59:59,7.4304047,3.9361877,-3.6026764,-0.017913818,0.011619329,-0.026305437,0.0,4
10-08-2019 01:59:59,7.4726563,3.9110565,-3.5847168,0.0059890747,-0.0076110363,-0.0054399967,0.0,4
10-08-2019 01:59:59,7.4535065,3.9191895,-3.6032715,-0.0037045479,0.0031831264,-0.002115488,0.0,4
10-08-2019 01:59:59,7.447769,3.9275665,-3.628891,-0.007928848,0.003916025,-0.0015089512,0.0,4
10-08-2019 01:59:59,7.4451294,3.9257813,-3.5919037,0.0010037422,-0.0059108734,-0.024751425,0.0,4
10-08-2019 01:59:59,7.495407,3.890335,-3.5646057,-0.022482872,0.011276007,-0.03758526,0.0,4
10-08-2019 01:59:59,7.4617767,3.9187164,-3.6062622,-0.009771347,0.016508818,0.0074164867,0.0,4
10-08-2019 01:59:59,7.5395813,3.8544312,-3.4730377,0.00790596,-0.0070052147,-0.028316736,0.0,4
10-08-2019 01:59:59,7.4294434,3.932724,-3.5807648,0.028158188,-0.028373957,0.020830393,0.0,4
10-08-2019 01:59:59,7.491577,3.8983612,-3.5825653,0.018006325,-0.010658503,0.061249733,0.0,4
10-08-2019 01:59:59,7.491333,3.9033813,-3.6111755,0.0032906532,0.0026738644,0.008603096,0.0,4
10-08-2019 01:59:59,7.4724274,3.9172668,-3.6024323,-0.019364357,0.0049755573,-0.017807484,0.0,4
10-08-2019 01:59:59,7.4484863,3.9282837,-3.6020813,0.007397175,-0.0016372204,-0.012645721,0.0,4
10-08-2019 01:59:59,7.4646454,3.9177551,-3.6036377,0.0052671432,-0.0004503727,-0.022992134,0.0,4
10-08-2019 01:59:59,7.443695,3.9440918,-3.5992126,0.0056962967,-0.0052917004,-0.0059318542,0.0,4
10-08-2019 01:59:59,7.446808,3.9342804,-3.5960999,-0.0016093254,0.005740404,-0.013813496,0.0,4
10-08-2019 01:59:59,7.428009,3.9390564,-3.5793304,-0.015830994,0.008392334,0.011195183,0.0,4
10-08-2019 01:59:59,7.447769,3.9354706,-3.6026764,-0.0022277832,-0.0015060902,0.009868383,0.0,4
10-08-2019 01:59:59,7.4459686,3.9444427,-3.59729,-0.000579834,-0.0035164356,0.005707979,0.0,4
10-08-2019 01:59:59,7.442978,3.949829,-3.6308136,0,0,0,0.0,4
10-08-2019 01:59:59,7.4603424,3.9253082,-3.5667572,0.008111954,0.00041341782,-0.012916565,0.0,4
10-08-2019 02:00:02,7.5641174,3.9152374,-3.427414,0.012295723,-0.018129587,0.03765154,0.0,4
10-08-2019 02:00:02,7.487747,3.9559326,-3.4602203,-0.020811081,0.023133993,-0.011252403,0.0,4
10-08-2019 02:00:02,7.4582977,3.9475555,-3.4887085,0.047923088,-0.00868082,0.03520608,0.0,4
10-08-2019 02:00:02,7.5331116,3.8878326,-3.5126495,0.0024027824,0.009361029,-0.0024256706,0.0,4
10-08-2019 02:00:02,7.4780426,3.921341,-3.5467682,-0.014575958,0.007675886,0.018594027,0.0,4
10-08-2019 02:00:02,7.438553,3.924942,-3.573578,0.007973671,0.009806156,-0.019740105,0.0,4
10-08-2019 02:00:02,7.493973,3.8926086,-3.5618591,0.02726841,-0.023935318,0.0062589645,0.0,4
10-08-2019 02:00:02,7.4304047,3.9361877,-3.6026764,-0.017913818,0.011619329,-0.026305437,0.0,4
10-08-2019 02:00:02,7.4726563,3.9110565,-3.5847168,0.0059890747,-0.0076110363,-0.0054399967,0.0,4
10-08-2019 02:00:02,7.4535065,3.9191895,-3.6032715,-0.0037045479,0.0031831264,-0.002115488,0.0,4
10-08-2019 02:00:02,7.447769,3.9275665,-3.628891,-0.007928848,0.003916025,-0.0015089512,0.0,4
10-08-2019 02:00:02,7.4451294,3.9257813,-3.5919037,0.0010037422,-0.0059108734,-0.024751425,0.0,4
10-08-2019 02:00:02,7.495407,3.890335,-3.5646057,-0.022482872,0.011276007,-0.03758526,0.0,4
10-08-2019 02:00:02,7.4617767,3.9187164,-3.6062622,-0.009771347,0.016508818,0.0074164867,0.0,4
10-08-2019 02:00:02,7.5395813,3.8544312,-3.4730377,0.00790596,-0.0070052147,-0.028316736,0.0,4
10-08-2019 02:00:02,7.4294434,3.932724,-3.5807648,0.028158188,-0.028373957,0.020830393,0.0,4
10-08-2019 02:00:02,7.491577,3.8983612,-3.5825653,0.018006325,-0.010658503,0.061249733,0.0,4
10-08-2019 02:00:02,7.491333,3.9033813,-3.6111755,0.0032906532,0.0026738644,0.008603096,0.0,4
10-08-2019 02:00:02,7.4724274,3.9172668,-3.6024323,-0.019364357,0.0049755573,-0.017807484,0.0,4
10-08-2019 02:00:02,7.4484863,3.9282837,-3.6020813,0.007397175,-0.0016372204,-0.012645721,0.0,4
10-08-2019 02:00:02,7.4646454,3.9177551,-3.6036377,0.0052671432,-0.0004503727,-0.022992134,0.0,4
10-08-2019 02:00:02,7.443695,3.9440918,-3.5992126,0.0056962967,-0.0052917004,-0.0059318542,0.0,4
10-08-2019 02:00:02,7.446808,3.9342804,-3.5960999,-0.0016093254,0.005740404,-0.013813496,0.0,4
10-08-2019 02:00:02,7.428009,3.9390564,-3.5793304,-0.015830994,0.008392334,0.011195183,0.0,4
10-08-2019 02:00:02,7.447769,3.9354706,-3.6026764,-0.0022277832,-0.0015060902,0.009868383,0.0,4
10-08-2019 02:00:02,7.4459686,3.9444427,-3.59729,-0.000579834,-0.0035164356,0.005707979,0.0,4
10-08-2019 02:00:02,7.442978,3.949829,-3.6308136,0,0,0,0.0,4
10-08-2019 02:00:02,7.4603424,3.9253082,-3.5667572,0.008111954,0.00041341782,-0.012916565,0.0,4
10-08-2019 02:00:02,7.447769,3.9468384,-3.6266174,0.0037455559,0.0090761185,-0.0028893948,0.0,4
10-08-2019 02:00:02,7.507019,3.8923798,-3.5942993,0.008999348,-0.0027344227,0.01639247,0.0,4
10-08-2019 02:00:02,7.462738,3.917511,-3.6110535,-0.010423183,0.025218248,-0.0318377,0.0,4
10-08-2019 02:00:02,7.474106,3.9103394,-3.5859222,0.031793594,-0.01741743,0.0010149479,0.0,4
10-08-2019 02:00:02,7.462723,3.916916,-3.605072,-0.009264469,0.006193638,-0.0113043785,0.0,4
10-08-2019 02:00:02,7.478897,3.905548,-3.6188507,-0.00385046,0.0023577213,-0.00019645691,0.0,4
10-08-2019 02:00:02,7.4645233,3.9163208,-3.6242218,0.010624886,-0.007082939,-0.0055019855,0.0,4
10-08-2019 02:00:02,7.435791,3.9276886,-3.621231,0.0012516975,-0.0022246838,-0.0045802593,0.0,4
10-08-2019 02:00:02,7.4812927,3.8959656,-3.6110535,-0.018300056,0.007972479,0.001013279,0.0,4
10-08-2019 02:00:02,7.447174,3.9306793,-3.6362,-0.007194996,0.010222673,-0.011470079,0.0,4
10-08-2019 02:00:02,7.475296,3.909729,-3.617035,0.020105362,-0.010864019,0.013742685,0.0,4
10-08-2019 02:00:02,7.4328003,3.9432526,-3.6631317,-0.013780117,0.012423277,-0.022113085,0.0,4
10-08-2019 02:00:02,7.4735107,3.9073486,-3.6230316,0.02178669,-0.014441967,0.02112031,0.0,4
10-08-2019 02:00:02,7.4603424,3.921112,-3.672104,-0.03743601,0.034267902,0.017372131,0.0,4
10-08-2019 02:00:02,7.3992767,3.9660034,-3.6182404,0.026940823,-0.00880599,-0.022589922,0.0,4
10-08-2019 02:00:02,7.479492,3.912735,-3.6709137,-0.0051808357,-0.0012991428,-0.00027513504,0.0,4
10-08-2019 02:00:03,7.5641174,3.9152374,-3.427414,0.012295723,-0.018129587,0.03765154,0.0,3
10-08-2019 02:00:03,7.487747,3.9559326,-3.4602203,-0.020811081,0.023133993,-0.011252403,0.0,3
10-08-2019 02:00:03,7.4582977,3.9475555,-3.4887085,0.047923088,-0.00868082,0.03520608,0.0,3
10-08-2019 02:00:03,7.5331116,3.8878326,-3.5126495,0.0024027824,0.009361029,-0.0024256706,0.0,3
10-08-2019 02:00:03,7.4780426,3.921341,-3.5467682,-0.014575958,0.007675886,0.018594027,0.0,3
10-08-2019 02:00:03,7.438553,3.924942,-3.573578,0.007973671,0.009806156,-0.019740105,0.0,3
10-08-2019 02:00:03,7.493973,3.8926086,-3.5618591,0.02726841,-0.023935318,0.0062589645,0.0,3
10-08-2019 02:00:03,7.4304047,3.9361877,-3.6026764,-0.017913818,0.011619329,-0.026305437,0.0,3
10-08-2019 02:00:03,7.4726563,3.9110565,-3.5847168,0.0059890747,-0.0076110363,-0.0054399967,0.0,3
10-08-2019 02:00:03,7.4535065,3.9191895,-3.6032715,-0.0037045479,0.0031831264,-0.002115488,0.0,3
10-08-2019 02:00:03,7.447769,3.9275665,-3.628891,-0.007928848,0.003916025,-0.0015089512,0.0,3
10-08-2019 02:00:03,7.4451294,3.9257813,-3.5919037,0.0010037422,-0.0059108734,-0.024751425,0.0,3
10-08-2019 02:00:03,7.495407,3.890335,-3.5646057,-0.022482872,0.011276007,-0.03758526,0.0,3
10-08-2019 02:00:03,7.4617767,3.9187164,-3.6062622,-0.009771347,0.016508818,0.0074164867,0.0,3
10-08-2019 02:00:03,7.5395813,3.8544312,-3.4730377,0.00790596,-0.0070052147,-0.028316736,0.0,3
10-08-2019 02:00:03,7.4294434,3.932724,-3.5807648,0.028158188,-0.028373957,0.020830393,0.0,3
10-08-2019 02:00:03,7.491577,3.8983612,-3.5825653,0.018006325,-0.010658503,0.061249733,0.0,3
10-08-2019 02:00:03,7.491333,3.9033813,-3.6111755,0.0032906532,0.0026738644,0.008603096,0.0,3
10-08-2019 02:00:03,7.4724274,3.9172668,-3.6024323,-0.019364357,0.0049755573,-0.017807484,0.0,3
10-08-2019 02:00:03,7.4484863,3.9282837,-3.6020813,0.007397175,-0.0016372204,-0.012645721,0.0,3
10-08-2019 02:00:03,7.4646454,3.9177551,-3.6036377,0.0052671432,-0.0004503727,-0.022992134,0.0,3
10-08-2019 02:00:03,7.443695,3.9440918,-3.5992126,0.0056962967,-0.0052917004,-0.0059318542,0.0,3
10-08-2019 02:00:03,7.446808,3.9342804,-3.5960999,-0.0016093254,0.005740404,-0.013813496,0.0,3
10-08-2019 02:00:03,7.428009,3.9390564,-3.5793304,-0.015830994,0.008392334,0.011195183,0.0,3
10-08-2019 02:00:03,7.447769,3.9354706,-3.6026764,-0.0022277832,-0.0015060902,0.009868383,0.0,3
10-08-2019 02:00:03,7.4459686,3.9444427,-3.59729,-0.000579834,-0.0035164356,0.005707979,0.0,3
10-08-2019 02:00:03,7.442978,3.949829,-3.6308136,0,0,0,0.0,3
10-08-2019 02:00:03,7.4603424,3.9253082,-3.5667572,0.008111954,0.00041341782,-0.012916565,0.0,3
10-08-2019 02:00:03,7.447769,3.9468384,-3.6266174,0.0037455559,0.0090761185,-0.0028893948,0.0,3
10-08-2019 02:00:03,7.507019,3.8923798,-3.5942993,0.008999348,-0.0027344227,0.01639247,0.0,3
10-08-2019 02:00:03,7.462738,3.917511,-3.6110535,-0.010423183,0.025218248,-0.0318377,0.0,3
10-08-2019 02:00:03,7.474106,3.9103394,-3.5859222,0.031793594,-0.01741743,0.0010149479,0.0,3
10-08-2019 02:00:03,7.462723,3.916916,-3.605072,-0.009264469,0.006193638,-0.0113043785,0.0,3
10-08-2019 02:00:03,7.478897,3.905548,-3.6188507,-0.00385046,0.0023577213,-0.00019645691,0.0,3
10-08-2019 02:00:03,7.4645233,3.9163208,-3.6242218,0.010624886,-0.007082939,-0.0055019855,0.0,3
10-08-2019 02:00:03,7.435791,3.9276886,-3.621231,0.0012516975,-0.0022246838,-0.0045802593,0.0,3
10-08-2019 02:00:03,7.4812927,3.8959656,-3.6110535,-0.018300056,0.007972479,0.001013279,0.0,3
10-08-2019 02:00:03,7.447174,3.9306793,-3.6362,-0.007194996,0.010222673,-0.011470079,0.0,3
10-08-2019 02:00:03,7.475296,3.909729,-3.617035,0.020105362,-0.010864019,0.013742685,0.0,3
10-08-2019 02:00:03,7.4328003,3.9432526,-3.6631317,-0.013780117,0.012423277,-0.022113085,0.0,3
10-08-2019 02:00:03,7.4735107,3.9073486,-3.6230316,0.02178669,-0.014441967,0.02112031,0.0,3
10-08-2019 02:00:03,7.4603424,3.921112,-3.672104,-0.03743601,0.034267902,0.017372131,0.0,3
10-08-2019 02:00:03,7.3992767,3.9660034,-3.6182404,0.026940823,-0.00880599,-0.022589922,0.0,3
10-08-2019 02:00:03,7.479492,3.912735,-3.6709137,-0.0051808357,-0.0012991428,-0.00027513504,0.0,3
10-08-2019 02:00:03,7.4483643,3.912735,-3.6487732,0.0012950897,-0.0013067722,-0.0045456886,0.0,3
10-08-2019 02:00:03,7.459732,3.9067383,-3.652359,-0.011790752,0.008113623,-0.035903692,0.0,3
10-08-2019 02:00:03,7.4759064,3.909134,-3.6852722,0.015589237,-0.023722887,0.035288572,0.0,3
10-08-2019 02:00:03,7.442383,3.9228973,-3.6954498,-0.033605576,0.014569044,-0.03282833,0.0,3
10-08-2019 02:00:05,7.5641174,3.9152374,-3.427414,0.012295723,-0.018129587,0.03765154,0.0,3
10-08-2019 02:00:05,7.487747,3.9559326,-3.4602203,-0.020811081,0.023133993,-0.011252403,0.0,3
10-08-2019 02:00:05,7.4582977,3.9475555,-3.4887085,0.047923088,-0.00868082,0.03520608,0.0,3
10-08-2019 02:00:05,7.5331116,3.8878326,-3.5126495,0.0024027824,0.009361029,-0.0024256706,0.0,3
10-08-2019 02:00:05,7.4780426,3.921341,-3.5467682,-0.014575958,0.007675886,0.018594027,0.0,3
10-08-2019 02:00:05,7.438553,3.924942,-3.573578,0.007973671,0.009806156,-0.019740105,0.0,3
10-08-2019 02:00:05,7.493973,3.8926086,-3.5618591,0.02726841,-0.023935318,0.0062589645,0.0,3
10-08-2019 02:00:05,7.4304047,3.9361877,-3.6026764,-0.017913818,0.011619329,-0.026305437,0.0,3
10-08-2019 02:00:05,7.4726563,3.9110565,-3.5847168,0.0059890747,-0.0076110363,-0.0054399967,0.0,3
10-08-2019 02:00:05,7.4535065,3.9191895,-3.6032715,-0.0037045479,0.0031831264,-0.002115488,0.0,3
10-08-2019 02:00:05,7.447769,3.9275665,-3.628891,-0.007928848,0.003916025,-0.0015089512,0.0,3
10-08-2019 02:00:05,7.4451294,3.9257813,-3.5919037,0.0010037422,-0.0059108734,-0.024751425,0.0,3
10-08-2019 02:00:05,7.495407,3.890335,-3.5646057,-0.022482872,0.011276007,-0.03758526,0.0,3
10-08-2019 02:00:05,7.4617767,3.9187164,-3.6062622,-0.009771347,0.016508818,0.0074164867,0.0,3
10-08-2019 02:00:05,7.5395813,3.8544312,-3.4730377,0.00790596,-0.0070052147,-0.028316736,0.0,3
10-08-2019 02:00:05,7.4294434,3.932724,-3.5807648,0.028158188,-0.028373957,0.020830393,0.0,3
10-08-2019 02:00:05,7.491577,3.8983612,-3.5825653,0.018006325,-0.010658503,0.061249733,0.0,3
10-08-2019 02:00:05,7.491333,3.9033813,-3.6111755,0.0032906532,0.0026738644,0.008603096,0.0,3
10-08-2019 02:00:05,7.4724274,3.9172668,-3.6024323,-0.019364357,0.0049755573,-0.017807484,0.0,3
10-08-2019 02:00:05,7.4484863,3.9282837,-3.6020813,0.007397175,-0.0016372204,-0.012645721,0.0,3
10-08-2019 02:00:05,7.4646454,3.9177551,-3.6036377,0.0052671432,-0.0004503727,-0.022992134,0.0,3
10-08-2019 02:00:05,7.443695,3.9440918,-3.5992126,0.0056962967,-0.0052917004,-0.0059318542,0.0,3
10-08-2019 02:00:05,7.446808,3.9342804,-3.5960999,-0.0016093254,0.005740404,-0.013813496,0.0,3
10-08-2019 02:00:05,7.428009,3.9390564,-3.5793304,-0.015830994,0.008392334,0.011195183,0.0,3
10-08-2019 02:00:05,7.447769,3.9354706,-3.6026764,-0.0022277832,-0.0015060902,0.009868383,0.0,3
10-08-2019 02:00:05,7.4459686,3.9444427,-3.59729,-0.000579834,-0.0035164356,0.005707979,0.0,3
10-08-2019 02:00:05,7.442978,3.949829,-3.6308136,0,0,0,0.0,3
10-08-2019 02:00:05,7.4603424,3.9253082,-3.5667572,0.008111954,0.00041341782,-0.012916565,0.0,3
10-08-2019 02:00:05,7.447769,3.9468384,-3.6266174,0.0037455559,0.0090761185,-0.0028893948,0.0,3
10-08-2019 02:00:05,7.507019,3.8923798,-3.5942993,0.008999348,-0.0027344227,0.01639247,0.0,3
10-08-2019 02:00:05,7.462738,3.917511,-3.6110535,-0.010423183,0.025218248,-0.0318377,0.0,3
10-08-2019 02:00:05,7.474106,3.9103394,-3.5859222,0.031793594,-0.01741743,0.0010149479,0.0,3
10-08-2019 02:00:05,7.462723,3.916916,-3.605072,-0.009264469,0.006193638,-0.0113043785,0.0,3
10-08-2019 02:00:05,7.478897,3.905548,-3.6188507,-0.00385046,0.0023577213,-0.00019645691,0.0,3
10-08-2019 02:00:05,7.4645233,3.9163208,-3.6242218,0.010624886,-0.007082939,-0.0055019855,0.0,3
10-08-2019 02:00:05,7.435791,3.9276886,-3.621231,0.0012516975,-0.0022246838,-0.0045802593,0.0,3
10-08-2019 02:00:05,7.4812927,3.8959656,-3.6110535,-0.018300056,0.007972479,0.001013279,0.0,3
10-08-2019 02:00:05,7.447174,3.9306793,-3.6362,-0.007194996,0.010222673,-0.011470079,0.0,3
10-08-2019 02:00:05,7.475296,3.909729,-3.617035,0.020105362,-0.010864019,0.013742685,0.0,3
10-08-2019 02:00:05,7.4328003,3.9432526,-3.6631317,-0.013780117,0.012423277,-0.022113085,0.0,3
10-08-2019 02:00:05,7.4735107,3.9073486,-3.6230316,0.02178669,-0.014441967,0.02112031,0.0,3
10-08-2019 02:00:05,7.4603424,3.921112,-3.672104,-0.03743601,0.034267902,0.017372131,0.0,3
10-08-2019 02:00:05,7.3992767,3.9660034,-3.6182404,0.026940823,-0.00880599,-0.022589922,0.0,3
10-08-2019 02:00:05,7.479492,3.912735,-3.6709137,-0.0051808357,-0.0012991428,-0.00027513504,0.0,3
10-08-2019 02:00:05,7.4483643,3.912735,-3.6487732,0.0012950897,-0.0013067722,-0.0045456886,0.0,3
10-08-2019 02:00:05,7.459732,3.9067383,-3.652359,-0.011790752,0.008113623,-0.035903692,0.0,3
10-08-2019 02:00:05,7.4759064,3.909134,-3.6852722,0.015589237,-0.023722887,0.035288572,0.0,3
10-08-2019 02:00:05,7.442383,3.9228973,-3.6954498,-0.033605576,0.014569044,-0.03282833,0.0,3
10-08-2019 02:00:05,7.4723053,3.8827972,-3.613449,0.0017762184,-0.0050075054,0.007612467,0.0,3
10-08-2019 02:00:05,7.411255,3.9235077,-3.6930695,0.009697914,-0.0010993481,-0.013299465,0.0,3
10-08-2019 02:00:05,7.4800873,3.8845978,-3.660736,-0.015981674,0.0058100224,0.0034394264,0.0,3
10-08-2019 02:00:05,7.4500427,3.8983612,-3.6469727,0.008634567,-0.0016670227,-0.011042833,0.0,3
10-08-2019 02:00:05,7.463211,3.909378,-3.6655273,0.007894039,-0.004539013,-0.0066874027,0.0,3
10-08-2019 02:00:05,7.431122,3.9139252,-3.649475,0.0010857582,0.0029790401,-0.006528616,0.0,3
10-08-2019 02:00:05,7.451599,3.9149933,-3.676651,0.0009946823,0.005138159,-0.00044941902,0.0,3
10-08-2019 02:00:05,7.4022675,3.9139252,-3.696045,-0.04038334,0.010801554,-0.02120161,0.0,3
10-08-2019 02:00:05,7.4806824,3.8804016,-3.667328,0.021733284,-0.010047197,0.0030825138,0.0,3
10-08-2019 02:00:05,7.457947,3.897766,-3.6703186,-0.003434658,0.0061211586,-0.0042500496,0.0,3
10-08-2019 02:00:05,7.467514,3.8923798,-3.6978455,0.024800777,-0.020979404,0.017416954,0.0,3
10-08-2019 02:00:05,7.4938507,3.8654327,-3.643982,-0.02401638,0.012646198,-0.0143585205,0.0,3
10-08-2019 02:00:06,7.5641174,3.9152374,-3.427414,0.012295723,-0.018129587,0.03765154,0.0,3
10-08-2019 02:00:06,7.487747,3.9559326,-3.4602203,-0.020811081,0.023133993,-0.011252403,0.0,3
10-08-2019 02:00:06,7.4582977,3.9475555,-3.4887085,0.047923088,-0.00868082,0.03520608,0.0,3
10-08-2019 02:00:06,7.5331116,3.8878326,-3.5126495,0.0024027824,0.009361029,-0.0024256706,0.0,3
10-08-2019 02:00:06,7.4780426,3.921341,-3.5467682,-0.014575958,0.007675886,0.018594027,0.0,3
10-08-2019 02:00:06,7.438553,3.924942,-3.573578,0.007973671,0.009806156,-0.019740105,0.0,3
10-08-2019 02:00:06,7.493973,3.8926086,-3.5618591,0.02726841,-0.023935318,0.0062589645,0.0,3
10-08-2019 02:00:06,7.4304047,3.9361877,-3.6026764,-0.017913818,0.011619329,-0.026305437,0.0,3
10-08-2019 02:00:06,7.4726563,3.9110565,-3.5847168,0.0059890747,-0.0076110363,-0.0054399967,0.0,3
10-08-2019 02:00:06,7.4535065,3.9191895,-3.6032715,-0.0037045479,0.0031831264,-0.002115488,0.0,3
10-08-2019 02:00:06,7.447769,3.9275665,-3.628891,-0.007928848,0.003916025,-0.0015089512,0.0,3
10-08-2019 02:00:06,7.4451294,3.9257813,-3.5919037,0.0010037422,-0.0059108734,-0.024751425,0.0,3
10-08-2019 02:00:06,7.495407,3.890335,-3.5646057,-0.022482872,0.011276007,-0.03758526,0.0,3
10-08-2019 02:00:06,7.4617767,3.9187164,-3.6062622,-0.009771347,0.016508818,0.0074164867,0.0,3
10-08-2019 02:00:06,7.5395813,3.8544312,-3.4730377,0.00790596,-0.0070052147,-0.028316736,0.0,3
10-08-2019 02:00:06,7.4294434,3.932724,-3.5807648,0.028158188,-0.028373957,0.020830393,0.0,3
10-08-2019 02:00:06,7.491577,3.8983612,-3.5825653,0.018006325,-0.010658503,0.061249733,0.0,3
10-08-2019 02:00:06,7.491333,3.9033813,-3.6111755,0.0032906532,0.0026738644,0.008603096,0.0,3
10-08-2019 02:00:06,7.4724274,3.9172668,-3.6024323,-0.019364357,0.0049755573,-0.017807484,0.0,3
10-08-2019 02:00:06,7.4484863,3.9282837,-3.6020813,0.007397175,-0.0016372204,-0.012645721,0.0,3
10-08-2019 02:00:06,7.4646454,3.9177551,-3.6036377,0.0052671432,-0.0004503727,-0.022992134,0.0,3
10-08-2019 02:00:06,7.443695,3.9440918,-3.5992126,0.0056962967,-0.0052917004,-0.0059318542,0.0,3
10-08-2019 02:00:06,7.446808,3.9342804,-3.5960999,-0.0016093254,0.005740404,-0.013813496,0.0,3
10-08-2019 02:00:06,7.428009,3.9390564,-3.5793304,-0.015830994,0.008392334,0.011195183,0.0,3
10-08-2019 02:00:06,7.447769,3.9354706,-3.6026764,-0.0022277832,-0.0015060902,0.009868383,0.0,3
10-08-2019 02:00:06,7.4459686,3.9444427,-3.59729,-0.000579834,-0.0035164356,0.005707979,0.0,3
10-08-2019 02:00:06,7.442978,3.949829,-3.6308136,0,0,0,0.0,3
10-08-2019 02:00:06,7.4603424,3.9253082,-3.5667572,0.008111954,0.00041341782,-0.012916565,0.0,3
10-08-2019 02:00:06,7.447769,3.9468384,-3.6266174,0.0037455559,0.0090761185,-0.0028893948,0.0,3
10-08-2019 02:00:06,7.507019,3.8923798,-3.5942993,0.008999348,-0.0027344227,0.01639247,0.0,3
10-08-2019 02:00:06,7.462738,3.917511,-3.6110535,-0.010423183,0.025218248,-0.0318377,0.0,3
10-08-2019 02:00:06,7.474106,3.9103394,-3.5859222,0.031793594,-0.01741743,0.0010149479,0.0,3
10-08-2019 02:00:06,7.462723,3.916916,-3.605072,-0.009264469,0.006193638,-0.0113043785,0.0,3
10-08-2019 02:00:06,7.478897,3.905548,-3.6188507,-0.00385046,0.0023577213,-0.00019645691,0.0,3
10-08-2019 02:00:06,7.4645233,3.9163208,-3.6242218,0.010624886,-0.007082939,-0.0055019855,0.0,3
10-08-2019 02:00:06,7.435791,3.9276886,-3.621231,0.0012516975,-0.0022246838,-0.0045802593,0.0,3
10-08-2019 02:00:06,7.4812927,3.8959656,-3.6110535,-0.018300056,0.007972479,0.001013279,0.0,3
10-08-2019 02:00:06,7.447174,3.9306793,-3.6362,-0.007194996,0.010222673,-0.011470079,0.0,3
10-08-2019 02:00:06,7.475296,3.909729,-3.617035,0.020105362,-0.010864019,0.013742685,0.0,3
10-08-2019 02:00:06,7.4328003,3.9432526,-3.6631317,-0.013780117,0.012423277,-0.022113085,0.0,3
10-08-2019 02:00:06,7.4735107,3.9073486,-3.6230316,0.02178669,-0.014441967,0.02112031,0.0,3
10-08-2019 02:00:06,7.4603424,3.921112,-3.672104,-0.03743601,0.034267902,0.017372131,0.0,3
10-08-2019 02:00:06,7.3992767,3.9660034,-3.6182404,0.026940823,-0.00880599,-0.022589922,0.0,3
10-08-2019 02:00:06,7.479492,3.912735,-3.6709137,-0.0051808357,-0.0012991428,-0.00027513504,0.0,3
10-08-2019 02:00:06,7.4483643,3.912735,-3.6487732,0.0012950897,-0.0013067722,-0.0045456886,0.0,3
10-08-2019 02:00:06,7.459732,3.9067383,-3.652359,-0.011790752,0.008113623,-0.035903692,0.0,3
10-08-2019 02:00:06,7.4759064,3.909134,-3.6852722,0.015589237,-0.023722887,0.035288572,0.0,3
10-08-2019 02:00:06,7.442383,3.9228973,-3.6954498,-0.033605576,0.014569044,-0.03282833,0.0,3
10-08-2019 02:00:06,7.4723053,3.8827972,-3.613449,0.0017762184,-0.0050075054,0.007612467,0.0,3
10-08-2019 02:00:06,7.411255,3.9235077,-3.6930695,0.009697914,-0.0010993481,-0.013299465,0.0,3
10-08-2019 02:00:06,7.4800873,3.8845978,-3.660736,-0.015981674,0.0058100224,0.0034394264,0.0,3
10-08-2019 02:00:06,7.4500427,3.8983612,-3.6469727,0.008634567,-0.0016670227,-0.011042833,0.0,3
10-08-2019 02:00:06,7.463211,3.909378,-3.6655273,0.007894039,-0.004539013,-0.0066874027,0.0,3
10-08-2019 02:00:06,7.431122,3.9139252,-3.649475,0.0010857582,0.0029790401,-0.006528616,0.0,3
10-08-2019 02:00:06,7.451599,3.9149933,-3.676651,0.0009946823,0.005138159,-0.00044941902,0.0,3
10-08-2019 02:00:06,7.4022675,3.9139252,-3.696045,-0.04038334,0.010801554,-0.02120161,0.0,3
10-08-2019 02:00:06,7.4806824,3.8804016,-3.667328,0.021733284,-0.010047197,0.0030825138,0.0,3
10-08-2019 02:00:06,7.457947,3.897766,-3.6703186,-0.003434658,0.0061211586,-0.0042500496,0.0,3
10-08-2019 02:00:06,7.467514,3.8923798,-3.6978455,0.024800777,-0.020979404,0.017416954,0.0,3
10-08-2019 02:00:06,7.4938507,3.8654327,-3.643982,-0.02401638,0.012646198,-0.0143585205,0.0,3
10-08-2019 02:00:06,7.4309998,3.9121246,-3.6799011,0.010923862,-0.0036382675,-0.0010902882,0.0,3
