10-01-2019 10:29:10,-0.3543396,-0.63446045,9.422379,0,0,0,0.0,2
10-01-2019 10:29:10,-0.33638,-0.63327026,9.415192,0.0025332868,0.0012418628,0.0046195984,0.0,2
10-01-2019 10:29:10,-0.34596252,-0.63087463,9.430756,-0.0009751022,0.0008519292,-0.002357483,0.0,2
10-01-2019 10:29:10,-0.3471527,-0.63087463,9.431961,-0.0009407699,0.005208373,0.0012588501,0.0,2
10-01-2019 10:29:10,-0.34954834,-0.6320648,9.40921,-0.0026132762,0.0035375357,-0.0033903122,0.0,2
10-01-2019 10:29:10,-0.3435669,-0.6296692,9.418793,-0.003034383,0.003459692,-0.0042448044,0.0,2
10-01-2019 10:29:10,-0.33398438,-0.628479,9.415192,-0.0062102973,0.0045212507,-0.0001745224,0.0,2
10-01-2019 10:29:10,-0.34835815,-0.64164734,9.431961,-0.0020186603,0.005617738,-0.0019540787,0.0,2
10-01-2019 10:29:10,-0.35673523,-0.63087463,9.423584,-0.0050917566,-0.00060009956,-0.0061092377,0.0,2
10-01-2019 10:29:10,-0.3531494,-0.628479,9.411606,-0.004567176,0.004547477,-0.0030183792,0.0,2
10-01-2019 10:29:10,-0.3543396,-0.6380615,9.430756,-0.0039356947,0.005297005,-0.0038604736,0.0,2
10-01-2019 10:29:10,-0.3531494,-0.6464386,9.431961,-0.00078746676,0.0010450482,-0.0015029907,0.0,2
10-01-2019 10:29:10,-0.3531494,-0.6320648,9.417587,-0.0037164986,0.004877627,-0.0017194748,0.0,2
10-01-2019 10:29:10,-0.34835815,-0.63087463,9.423584,-0.0019553006,0.0042377114,0.0007390976,0.0,2
10-01-2019 10:29:10,-0.3435669,-0.6428375,9.441528,-0.00085255504,0.005417526,-0.0006580353,0.0,2
10-01-2019 10:29:10,-0.35075378,-0.6464386,9.42836,-0.0029108524,0.0036129355,0.00033473969,0.0,2
10-01-2019 10:29:10,-0.33877563,-0.6464386,9.418793,-0.004581243,0.006806731,-0.0019712448,0.0,2
10-01-2019 10:29:10,-0.34954834,-0.6404419,9.418793,-0.0059621036,0.00411433,-0.0008058548,0.0,2
10-01-2019 10:29:10,-0.34954834,-0.6260834,9.435547,-0.00063830614,0.0040149093,0.00084400177,0.0,2
10-01-2019 10:29:10,-0.3435669,-0.63327026,9.434357,0.00058725476,0.0044347644,-0.00083351135,0.0,2
10-01-2019 10:29:10,-0.32800293,-0.62727356,9.42717,0.00074747205,-0.0004531741,-0.0017433167,0.0,2
10-01-2019 10:29:10,-0.33998108,-0.63446045,9.424774,-0.0011956394,0.00032669306,0.0013275146,0.0,2
10-01-2019 10:29:10,-0.3543396,-0.63087463,9.4379425,-0.0029273033,-0.002128899,-0.0018377304,0.0,2
10-01-2019 10:29:10,-0.32681274,-0.64164734,9.442734,-0.0030592382,0.0045018196,0.00014209747,0.0,2
10-01-2019 10:29:10,-0.3435669,-0.6464386,9.44632,-0.00078731775,-0.0022824407,-0.001326561,0.0,2
10-01-2019 10:29:10,-0.34477234,-0.628479,9.451111,0.0013494194,-0.0023556948,-0.0015096664,0.0,2
10-01-2019 10:29:10,-0.35194397,-0.6428375,9.434357,-0.0015382469,0.004563749,-0.0011463165,0.0,2
10-01-2019 10:29:13,-0.33638,-0.63327026,9.415192,0.0025332868,0.0012418628,0.0046195984,0.0,3
10-01-2019 10:29:13,-0.34596252,-0.63087463,9.430756,-0.0009751022,0.0008519292,-0.002357483,0.0,3
10-01-2019 10:29:13,-0.3471527,-0.63087463,9.431961,-0.0009407699,0.005208373,0.0012588501,0.0,3
10-01-2019 10:29:13,-0.34954834,-0.6320648,9.40921,-0.0026132762,0.0035375357,-0.0033903122,0.0,3
10-01-2019 10:29:13,-0.3435669,-0.6296692,9.418793,-0.003034383,0.003459692,-0.0042448044,0.0,3
10-01-2019 10:29:13,-0.33398438,-0.628479,9.415192,-0.0062102973,0.0045212507,-0.0001745224,0.0,3
10-01-2019 10:29:13,-0.34835815,-0.64164734,9.431961,-0.0020186603,0.005617738,-0.0019540787,0.0,3
10-01-2019 10:29:13,-0.35673523,-0.63087463,9.423584,-0.0050917566,-0.00060009956,-0.0061092377,0.0,3
10-01-2019 10:29:13,-0.3531494,-0.628479,9.411606,-0.004567176,0.004547477,-0.0030183792,0.0,3
10-01-2019 10:29:13,-0.3543396,-0.6380615,9.430756,-0.0039356947,0.005297005,-0.0038604736,0.0,3
10-01-2019 10:29:13,-0.3531494,-0.6464386,9.431961,-0.00078746676,0.0010450482,-0.0015029907,0.0,3
10-01-2019 10:29:13,-0.3531494,-0.6320648,9.417587,-0.0037164986,0.004877627,-0.0017194748,0.0,3
10-01-2019 10:29:13,-0.34835815,-0.63087463,9.423584,-0.0019553006,0.0042377114,0.0007390976,0.0,3
10-01-2019 10:29:13,-0.3435669,-0.6428375,9.441528,-0.00085255504,0.005417526,-0.0006580353,0.0,3
10-01-2019 10:29:13,-0.35075378,-0.6464386,9.42836,-0.0029108524,0.0036129355,0.00033473969,0.0,3
10-01-2019 10:29:13,-0.33877563,-0.6464386,9.418793,-0.004581243,0.006806731,-0.0019712448,0.0,3
10-01-2019 10:29:13,-0.34954834,-0.6404419,9.418793,-0.0059621036,0.00411433,-0.0008058548,0.0,3
10-01-2019 10:29:13,-0.34954834,-0.6260834,9.435547,-0.00063830614,0.0040149093,0.00084400177,0.0,3
10-01-2019 10:29:13,-0.3435669,-0.63327026,9.434357,0.00058725476,0.0044347644,-0.00083351135,0.0,3
10-01-2019 10:29:13,-0.32800293,-0.62727356,9.42717,0.00074747205,-0.0004531741,-0.0017433167,0.0,3
10-01-2019 10:29:13,-0.33998108,-0.63446045,9.424774,-0.0011956394,0.00032669306,0.0013275146,0.0,3
10-01-2019 10:29:13,-0.3543396,-0.63087463,9.4379425,-0.0029273033,-0.002128899,-0.0018377304,0.0,3
10-01-2019 10:29:13,-0.32681274,-0.64164734,9.442734,-0.0030592382,0.0045018196,0.00014209747,0.0,3
10-01-2019 10:29:13,-0.3435669,-0.6464386,9.44632,-0.00078731775,-0.0022824407,-0.001326561,0.0,3
10-01-2019 10:29:13,-0.34477234,-0.628479,9.451111,0.0013494194,-0.0023556948,-0.0015096664,0.0,3
10-01-2019 10:29:13,-0.35194397,-0.6428375,9.434357,-0.0015382469,0.004563749,-0.0011463165,0.0,3
10-01-2019 10:29:13,-0.3543396,-0.64164734,9.42717,-0.0016666949,0.0012906194,0.0014600754,0.0,3
10-01-2019 10:29:13,-0.3327942,-0.6320648,9.439133,-0.0009532571,-0.002162397,-5.6266785e-05,0.0,3
10-01-2019 10:29:13,-0.33998108,-0.64523315,9.442734,0.0005776584,0.0005392432,-0.0023727417,0.0,3
10-01-2019 10:29:13,-0.33398438,-0.64404297,9.439133,0.00096282363,-0.0020095706,0.003378868,0.0,3
10-01-2019 10:29:13,-0.33877563,-0.6320648,9.439133,-0.0021463335,0.0059021115,0.001709938,0.0,3
10-01-2019 10:29:13,-0.34954834,-0.63327026,9.430756,-5.6296587e-05,-0.003503263,-0.0031013489,0.0,3
10-01-2019 10:29:13,-0.34596252,-0.62727356,9.412811,-0.0018568933,-0.0017624497,0.0037584305,0.0,3
10-01-2019 10:29:13,-0.33998108,-0.6380615,9.42598,0.0008741319,0.00017601252,0.0009794235,0.0,3
10-01-2019 10:29:13,-0.33998108,-0.64404297,9.429565,0.00054481626,0.0032046437,-0.0010051727,0.0,3
10-01-2019 10:29:13,-0.3423767,-0.64523315,9.439133,0.0016711056,4.6908855e-05,-0.003373146,0.0,3
10-01-2019 10:29:13,-0.3543396,-0.6368561,9.436752,0.0016239583,0.00010031462,0.001036644,0.0,3
10-01-2019 10:29:13,-0.34835815,-0.6404419,9.42598,0.0010788143,0.0035822988,0.0009622574,0.0,3
10-01-2019 10:29:13,-0.34477234,-0.6380615,9.412811,-0.0010003448,-0.0016312003,-4.7683716e-06,0.0,3
10-01-2019 10:29:13,-0.3531494,-0.6380615,9.447525,0.0030137897,-0.0022027493,0.0011100769,0.0,3
10-01-2019 10:29:13,-0.3471527,-0.64164734,9.430756,-0.0026744902,-0.00048273802,0.0013027191,0.0,3
10-01-2019 10:29:14,-0.33638,-0.63327026,9.415192,0.0025332868,0.0012418628,0.0046195984,0.0,2
10-01-2019 10:29:14,-0.34596252,-0.63087463,9.430756,-0.0009751022,0.0008519292,-0.002357483,0.0,2
10-01-2019 10:29:14,-0.3471527,-0.63087463,9.431961,-0.0009407699,0.005208373,0.0012588501,0.0,2
10-01-2019 10:29:14,-0.34954834,-0.6320648,9.40921,-0.0026132762,0.0035375357,-0.0033903122,0.0,2
10-01-2019 10:29:14,-0.3435669,-0.6296692,9.418793,-0.003034383,0.003459692,-0.0042448044,0.0,2
10-01-2019 10:29:14,-0.33398438,-0.628479,9.415192,-0.0062102973,0.0045212507,-0.0001745224,0.0,2
10-01-2019 10:29:14,-0.34835815,-0.64164734,9.431961,-0.0020186603,0.005617738,-0.0019540787,0.0,2
10-01-2019 10:29:14,-0.35673523,-0.63087463,9.423584,-0.0050917566,-0.00060009956,-0.0061092377,0.0,2
10-01-2019 10:29:14,-0.3531494,-0.628479,9.411606,-0.004567176,0.004547477,-0.0030183792,0.0,2
10-01-2019 10:29:14,-0.3543396,-0.6380615,9.430756,-0.0039356947,0.005297005,-0.0038604736,0.0,2
10-01-2019 10:29:14,-0.3531494,-0.6464386,9.431961,-0.00078746676,0.0010450482,-0.0015029907,0.0,2
10-01-2019 10:29:14,-0.3531494,-0.6320648,9.417587,-0.0037164986,0.004877627,-0.0017194748,0.0,2
10-01-2019 10:29:14,-0.34835815,-0.63087463,9.423584,-0.0019553006,0.0042377114,0.0007390976,0.0,2
10-01-2019 10:29:14,-0.3435669,-0.6428375,9.441528,-0.00085255504,0.005417526,-0.0006580353,0.0,2
10-01-2019 10:29:14,-0.35075378,-0.6464386,9.42836,-0.0029108524,0.0036129355,0.00033473969,0.0,2
10-01-2019 10:29:14,-0.33877563,-0.6464386,9.418793,-0.004581243,0.006806731,-0.0019712448,0.0,2
10-01-2019 10:29:14,-0.34954834,-0.6404419,9.418793,-0.0059621036,0.00411433,-0.0008058548,0.0,2
10-01-2019 10:29:14,-0.34954834,-0.6260834,9.435547,-0.00063830614,0.0040149093,0.00084400177,0.0,2
10-01-2019 10:29:14,-0.3435669,-0.63327026,9.434357,0.00058725476,0.0044347644,-0.00083351135,0.0,2
10-01-2019 10:29:14,-0.32800293,-0.62727356,9.42717,0.00074747205,-0.0004531741,-0.0017433167,0.0,2
10-01-2019 10:29:14,-0.33998108,-0.63446045,9.424774,-0.0011956394,0.00032669306,0.0013275146,0.0,2
10-01-2019 10:29:14,-0.3543396,-0.63087463,9.4379425,-0.0029273033,-0.002128899,-0.0018377304,0.0,2
10-01-2019 10:29:14,-0.32681274,-0.64164734,9.442734,-0.0030592382,0.0045018196,0.00014209747,0.0,2
10-01-2019 10:29:14,-0.3435669,-0.6464386,9.44632,-0.00078731775,-0.0022824407,-0.001326561,0.0,2
10-01-2019 10:29:14,-0.34477234,-0.628479,9.451111,0.0013494194,-0.0023556948,-0.0015096664,0.0,2
10-01-2019 10:29:14,-0.35194397,-0.6428375,9.434357,-0.0015382469,0.004563749,-0.0011463165,0.0,2
10-01-2019 10:29:14,-0.3543396,-0.64164734,9.42717,-0.0016666949,0.0012906194,0.0014600754,0.0,2
10-01-2019 10:29:14,-0.3327942,-0.6320648,9.439133,-0.0009532571,-0.002162397,-5.6266785e-05,0.0,2
10-01-2019 10:29:14,-0.33998108,-0.64523315,9.442734,0.0005776584,0.0005392432,-0.0023727417,0.0,2
10-01-2019 10:29:14,-0.33398438,-0.64404297,9.439133,0.00096282363,-0.0020095706,0.003378868,0.0,2
10-01-2019 10:29:14,-0.33877563,-0.6320648,9.439133,-0.0021463335,0.0059021115,0.001709938,0.0,2
10-01-2019 10:29:14,-0.34954834,-0.63327026,9.430756,-5.6296587e-05,-0.003503263,-0.0031013489,0.0,2
10-01-2019 10:29:14,-0.34596252,-0.62727356,9.412811,-0.0018568933,-0.0017624497,0.0037584305,0.0,2
10-01-2019 10:29:14,-0.33998108,-0.6380615,9.42598,0.0008741319,0.00017601252,0.0009794235,0.0,2
10-01-2019 10:29:14,-0.33998108,-0.64404297,9.429565,0.00054481626,0.0032046437,-0.0010051727,0.0,2
10-01-2019 10:29:14,-0.3423767,-0.64523315,9.439133,0.0016711056,4.6908855e-05,-0.003373146,0.0,2
10-01-2019 10:29:14,-0.3543396,-0.6368561,9.436752,0.0016239583,0.00010031462,0.001036644,0.0,2
10-01-2019 10:29:14,-0.34835815,-0.6404419,9.42598,0.0010788143,0.0035822988,0.0009622574,0.0,2
10-01-2019 10:29:14,-0.34477234,-0.6380615,9.412811,-0.0010003448,-0.0016312003,-4.7683716e-06,0.0,2
10-01-2019 10:29:14,-0.3531494,-0.6380615,9.447525,0.0030137897,-0.0022027493,0.0011100769,0.0,2
10-01-2019 10:29:14,-0.3471527,-0.64164734,9.430756,-0.0026744902,-0.00048273802,0.0013027191,0.0,2
10-01-2019 10:29:14,-0.33758545,-0.6296692,9.42836,0.0014578402,0.0026724339,-0.0039987564,0.0,2
10-01-2019 10:29:14,-0.3471527,-0.63087463,9.42598,0.0051329136,0.0006196499,0.000910759,0.0,2
10-01-2019 10:29:14,-0.34835815,-0.62727356,9.424774,-0.00076913834,-8.779764e-05,-8.9645386e-05,0.0,2
10-01-2019 10:29:14,-0.3423767,-0.6428375,9.435547,0.0011730492,-0.00038081408,0.0012521744,0.0,2
10-01-2019 10:29:16,-0.33638,-0.63327026,9.415192,0.0025332868,0.0012418628,0.0046195984,0.0,4
10-01-2019 10:29:16,-0.34596252,-0.63087463,9.430756,-0.0009751022,0.0008519292,-0.002357483,0.0,4
10-01-2019 10:29:16,-0.3471527,-0.63087463,9.431961,-0.0009407699,0.005208373,0.0012588501,0.0,4
10-01-2019 10:29:16,-0.34954834,-0.6320648,9.40921,-0.0026132762,0.0035375357,-0.0033903122,0.0,4
10-01-2019 10:29:16,-0.3435669,-0.6296692,9.418793,-0.003034383,0.003459692,-0.0042448044,0.0,4
10-01-2019 10:29:16,-0.33398438,-0.628479,9.415192,-0.0062102973,0.0045212507,-0.0001745224,0.0,4
10-01-2019 10:29:16,-0.34835815,-0.64164734,9.431961,-0.0020186603,0.005617738,-0.0019540787,0.0,4
10-01-2019 10:29:16,-0.35673523,-0.63087463,9.423584,-0.0050917566,-0.00060009956,-0.0061092377,0.0,4
10-01-2019 10:29:16,-0.3531494,-0.628479,9.411606,-0.004567176,0.004547477,-0.0030183792,0.0,4
10-01-2019 10:29:16,-0.3543396,-0.6380615,9.430756,-0.0039356947,0.005297005,-0.0038604736,0.0,4
10-01-2019 10:29:16,-0.3531494,-0.6464386,9.431961,-0.00078746676,0.0010450482,-0.0015029907,0.0,4
10-01-2019 10:29:16,-0.3531494,-0.6320648,9.417587,-0.0037164986,0.004877627,-0.0017194748,0.0,4
10-01-2019 10:29:16,-0.34835815,-0.63087463,9.423584,-0.0019553006,0.0042377114,0.0007390976,0.0,4
10-01-2019 10:29:16,-0.3435669,-0.6428375,9.441528,-0.00085255504,0.005417526,-0.0006580353,0.0,4
10-01-2019 10:29:16,-0.35075378,-0.6464386,9.42836,-0.0029108524,0.0036129355,0.00033473969,0.0,4
10-01-2019 10:29:16,-0.33877563,-0.6464386,9.418793,-0.004581243,0.006806731,-0.0019712448,0.0,4
10-01-2019 10:29:16,-0.34954834,-0.6404419,9.418793,-0.0059621036,0.00411433,-0.0008058548,0.0,4
10-01-2019 10:29:16,-0.34954834,-0.6260834,9.435547,-0.00063830614,0.0040149093,0.00084400177,0.0,4
10-01-2019 10:29:16,-0.3435669,-0.63327026,9.434357,0.00058725476,0.0044347644,-0.00083351135,0.0,4
10-01-2019 10:29:16,-0.32800293,-0.62727356,9.42717,0.00074747205,-0.0004531741,-0.0017433167,0.0,4
10-01-2019 10:29:16,-0.33998108,-0.63446045,9.424774,-0.0011956394,0.00032669306,0.0013275146,0.0,4
10-01-2019 10:29:16,-0.3543396,-0.63087463,9.4379425,-0.0029273033,-0.002128899,-0.0018377304,0.0,4
10-01-2019 10:29:16,-0.32681274,-0.64164734,9.442734,-0.0030592382,0.0045018196,0.00014209747,0.0,4
10-01-2019 10:29:16,-0.3435669,-0.6464386,9.44632,-0.00078731775,-0.0022824407,-0.001326561,0.0,4
10-01-2019 10:29:16,-0.34477234,-0.628479,9.451111,0.0013494194,-0.0023556948,-0.0015096664,0.0,4
10-01-2019 10:29:16,-0.35194397,-0.6428375,9.434357,-0.0015382469,0.004563749,-0.0011463165,0.0,4
10-01-2019 10:29:16,-0.3543396,-0.64164734,9.42717,-0.0016666949,0.0012906194,0.0014600754,0.0,4
10-01-2019 10:29:16,-0.3327942,-0.6320648,9.439133,-0.0009532571,-0.002162397,-5.6266785e-05,0.0,4
10-01-2019 10:29:16,-0.33998108,-0.64523315,9.442734,0.0005776584,0.0005392432,-0.0023727417,0.0,4
10-01-2019 10:29:16,-0.33398438,-0.64404297,9.439133,0.00096282363,-0.0020095706,0.003378868,0.0,4
10-01-2019 10:29:16,-0.33877563,-0.6320648,9.439133,-0.0021463335,0.0059021115,0.001709938,0.0,4
10-01-2019 10:29:16,-0.34954834,-0.63327026,9.430756,-5.6296587e-05,-0.003503263,-0.0031013489,0.0,4
10-01-2019 10:29:16,-0.34596252,-0.62727356,9.412811,-0.0018568933,-0.0017624497,0.0037584305,0.0,4
10-01-2019 10:29:16,-0.33998108,-0.6380615,9.42598,0.0008741319,0.00017601252,0.0009794235,0.0,4
10-01-2019 10:29:16,-0.33998108,-0.64404297,9.429565,0.00054481626,0.0032046437,-0.0010051727,0.0,4
10-01-2019 10:29:16,-0.3423767,-0.64523315,9.439133,0.0016711056,4.6908855e-05,-0.003373146,0.0,4
10-01-2019 10:29:16,-0.3543396,-0.6368561,9.436752,0.0016239583,0.00010031462,0.001036644,0.0,4
10-01-2019 10:29:16,-0.34835815,-0.6404419,9.42598,0.0010788143,0.0035822988,0.0009622574,0.0,4
10-01-2019 10:29:16,-0.34477234,-0.6380615,9.412811,-0.0010003448,-0.0016312003,-4.7683716e-06,0.0,4
10-01-2019 10:29:16,-0.3531494,-0.6380615,9.447525,0.0030137897,-0.0022027493,0.0011100769,0.0,4
10-01-2019 10:29:16,-0.3471527,-0.64164734,9.430756,-0.0026744902,-0.00048273802,0.0013027191,0.0,4
10-01-2019 10:29:16,-0.33758545,-0.6296692,9.42836,0.0014578402,0.0026724339,-0.0039987564,0.0,4
10-01-2019 10:29:16,-0.3471527,-0.63087463,9.42598,0.0051329136,0.0006196499,0.000910759,0.0,4
10-01-2019 10:29:16,-0.34835815,-0.62727356,9.424774,-0.00076913834,-8.779764e-05,-8.9645386e-05,0.0,4
10-01-2019 10:29:16,-0.3423767,-0.6428375,9.435547,0.0011730492,-0.00038081408,0.0012521744,0.0,4
10-01-2019 10:29:16,-0.331604,-0.64164734,9.433151,-0.0015799701,-0.0009778142,0.0069208145,0.0,4
10-01-2019 10:29:16,-0.34477234,-0.628479,9.4379425,-0.0005630255,0.0017445087,0.001414299,0.0,4
10-01-2019 10:29:16,-0.3471527,-0.6248932,9.42717,0.00080010295,-0.00186795,0.0062036514,0.0,4
10-01-2019 10:29:16,-0.33398438,-0.6296692,9.440338,-0.0027371347,0.001638174,0.0016183853,0.0,4
10-01-2019 10:29:16,-0.34596252,-0.63446045,9.423584,-0.0004949868,0.00032621622,-0.0027236938,0.0,4
10-01-2019 10:29:16,-0.34954834,-0.63446045,9.422379,-0.000102847815,0.00030702353,-0.0011930466,0.0,4
10-01-2019 10:29:16,-0.33638,-0.6404419,9.430756,0.00025457144,4.2915344e-05,0.005300522,0.0,4
10-01-2019 10:29:16,-0.34596252,-0.6320648,9.422379,-0.0027278364,-0.0034454465,0.0002450943,0.0,4
10-01-2019 10:29:16,-0.35794067,-0.6488342,9.433151,-0.0013822615,-0.0008689165,-0.001578331,0.0,4
10-01-2019 10:29:16,-0.33877563,-0.6296692,9.422379,-0.0025020838,0.0021765828,-0.0012693405,0.0,4
10-01-2019 10:29:16,-0.3435669,-0.6380615,9.431961,-0.0014436841,0.00015181303,-0.0013017654,0.0,4
10-01-2019 10:29:16,-0.3543396,-0.63446045,9.422379,0,0,0,0.0,4
10-01-2019 10:29:16,-0.33638,-0.63327026,9.415192,0.0025332868,0.0012418628,0.0046195984,0.0,4
10-01-2019 10:29:16,-0.34596252,-0.63087463,9.430756,-0.0009751022,0.0008519292,-0.002357483,0.0,4
10-01-2019 10:29:16,-0.3471527,-0.63087463,9.431961,-0.0009407699,0.005208373,0.0012588501,0.0,4
10-01-2019 10:29:16,-0.34954834,-0.6320648,9.40921,-0.0026132762,0.0035375357,-0.0033903122,0.0,4
10-01-2019 10:29:16,-0.3435669,-0.6296692,9.418793,-0.003034383,0.003459692,-0.0042448044,0.0,4
10-01-2019 10:29:16,-0.33398438,-0.628479,9.415192,-0.0062102973,0.0045212507,-0.0001745224,0.0,4
10-01-2019 10:29:16,-0.34835815,-0.64164734,9.431961,-0.0020186603,0.005617738,-0.0019540787,0.0,4
10-01-2019 10:29:16,-0.35673523,-0.63087463,9.423584,-0.0050917566,-0.00060009956,-0.0061092377,0.0,4
10-01-2019 10:29:16,-0.3531494,-0.628479,9.411606,-0.004567176,0.004547477,-0.0030183792,0.0,4
10-01-2019 10:29:16,-0.3543396,-0.6380615,9.430756,-0.0039356947,0.005297005,-0.0038604736,0.0,4
10-01-2019 10:29:16,-0.3531494,-0.6464386,9.431961,-0.00078746676,0.0010450482,-0.0015029907,0.0,4
10-01-2019 10:29:16,-0.3531494,-0.6320648,9.417587,-0.0037164986,0.004877627,-0.0017194748,0.0,4
10-01-2019 10:29:16,-0.34835815,-0.63087463,9.423584,-0.0019553006,0.0042377114,0.0007390976,0.0,4
10-01-2019 10:29:16,-0.3435669,-0.6428375,9.441528,-0.00085255504,0.005417526,-0.0006580353,0.0,4
10-01-2019 10:29:16,-0.35075378,-0.6464386,9.42836,-0.0029108524,0.0036129355,0.00033473969,0.0,4
10-01-2019 10:29:16,-0.33877563,-0.6464386,9.418793,-0.004581243,0.006806731,-0.0019712448,0.0,4
10-01-2019 10:29:16,-0.34954834,-0.6404419,9.418793,-0.0059621036,0.00411433,-0.0008058548,0.0,4
10-01-2019 10:29:16,-0.34954834,-0.6260834,9.435547,-0.00063830614,0.0040149093,0.00084400177,0.0,4
10-01-2019 10:29:16,-0.3435669,-0.63327026,9.434357,0.00058725476,0.0044347644,-0.00083351135,0.0,4
10-01-2019 10:29:16,-0.32800293,-0.62727356,9.42717,0.00074747205,-0.0004531741,-0.0017433167,0.0,4
10-01-2019 10:29:16,-0.33998108,-0.63446045,9.424774,-0.0011956394,0.00032669306,0.0013275146,0.0,4
10-01-2019 10:29:16,-0.3543396,-0.63087463,9.4379425,-0.0029273033,-0.002128899,-0.0018377304,0.0,4
10-01-2019 10:29:16,-0.32681274,-0.64164734,9.442734,-0.0030592382,0.0045018196,0.00014209747,0.0,4
10-01-2019 10:29:16,-0.3435669,-0.6464386,9.44632,-0.00078731775,-0.0022824407,-0.001326561,0.0,4
10-01-2019 10:29:16,-0.34477234,-0.628479,9.451111,0.0013494194,-0.0023556948,-0.0015096664,0.0,4
10-01-2019 10:29:16,-0.35194397,-0.6428375,9.434357,-0.0015382469,0.004563749,-0.0011463165,0.0,4
10-01-2019 10:29:16,-0.3543396,-0.64164734,9.42717,-0.0016666949,0.0012906194,0.0014600754,0.0,4
10-01-2019 10:29:16,-0.3327942,-0.6320648,9.439133,-0.0009532571,-0.002162397,-5.6266785e-05,0.0,4
10-01-2019 10:29:16,-0.33998108,-0.64523315,9.442734,0.0005776584,0.0005392432,-0.0023727417,0.0,4
10-01-2019 10:29:16,-0.33398438,-0.64404297,9.439133,0.00096282363,-0.0020095706,0.003378868,0.0,4
10-01-2019 10:29:16,-0.33877563,-0.6320648,9.439133,-0.0021463335,0.0059021115,0.001709938,0.0,4
10-01-2019 10:29:16,-0.34954834,-0.63327026,9.430756,-5.6296587e-05,-0.003503263,-0.0031013489,0.0,4
10-01-2019 10:29:16,-0.34596252,-0.62727356,9.412811,-0.0018568933,-0.0017624497,0.0037584305,0.0,4
10-01-2019 10:29:16,-0.33998108,-0.6380615,9.42598,0.0008741319,0.00017601252,0.0009794235,0.0,4
10-01-2019 10:29:16,-0.33998108,-0.64404297,9.429565,0.00054481626,0.0032046437,-0.0010051727,0.0,4
10-01-2019 10:29:16,-0.3423767,-0.64523315,9.439133,0.0016711056,4.6908855e-05,-0.003373146,0.0,4
10-01-2019 10:29:16,-0.3543396,-0.6368561,9.436752,0.0016239583,0.00010031462,0.001036644,0.0,4
10-01-2019 10:29:16,-0.34835815,-0.6404419,9.42598,0.0010788143,0.0035822988,0.0009622574,0.0,4
10-01-2019 10:29:16,-0.34477234,-0.6380615,9.412811,-0.0010003448,-0.0016312003,-4.7683716e-06,0.0,4
10-01-2019 10:29:16,-0.3531494,-0.6380615,9.447525,0.0030137897,-0.0022027493,0.0011100769,0.0,4
10-01-2019 10:29:16,-0.3471527,-0.64164734,9.430756,-0.0026744902,-0.00048273802,0.0013027191,0.0,4
10-01-2019 10:29:16,-0.33758545,-0.6296692,9.42836,0.0014578402,0.0026724339,-0.0039987564,0.0,4
10-01-2019 10:29:16,-0.3471527,-0.63087463,9.42598,0.0051329136,0.0006196499,0.000910759,0.0,4
10-01-2019 10:29:16,-0.34835815,-0.62727356,9.424774,-0.00076913834,-8.779764e-05,-8.9645386e-05,0.0,4
10-01-2019 10:29:16,-0.3423767,-0.6428375,9.435547,0.0011730492,-0.00038081408,0.0012521744,0.0,4
10-01-2019 10:29:16,-0.331604,-0.64164734,9.433151,-0.0015799701,-0.0009778142,0.0069208145,0.0,4
10-01-2019 10:29:16,-0.34477234,-0.628479,9.4379425,-0.0005630255,0.0017445087,0.001414299,0.0,4
10-01-2019 10:29:16,-0.3471527,-0.6248932,9.42717,0.00080010295,-0.00186795,0.0062036514,0.0,4
10-01-2019 10:29:16,-0.33398438,-0.6296692,9.440338,-0.0027371347,0.001638174,0.0016183853,0.0,4
10-01-2019 10:29:16,-0.34596252,-0.63446045,9.423584,-0.0004949868,0.00032621622,-0.0027236938,0.0,4
10-01-2019 10:29:16,-0.34954834,-0.63446045,9.422379,-0.000102847815,0.00030702353,-0.0011930466,0.0,4
10-01-2019 10:29:16,-0.33638,-0.6404419,9.430756,0.00025457144,4.2915344e-05,0.005300522,0.0,4
10-01-2019 10:29:16,-0.34596252,-0.6320648,9.422379,-0.0027278364,-0.0034454465,0.0002450943,0.0,4
10-01-2019 10:29:16,-0.35794067,-0.6488342,9.433151,-0.0013822615,-0.0008689165,-0.001578331,0.0,4
10-01-2019 10:29:16,-0.33877563,-0.6296692,9.422379,-0.0025020838,0.0021765828,-0.0012693405,0.0,4
10-01-2019 10:29:16,-0.3435669,-0.6380615,9.431961,-0.0014436841,0.00015181303,-0.0013017654,0.0,4
10-01-2019 10:29:16,-0.34117126,-0.6368561,9.421188,0.0024023652,0.00058317184,-0.0030870438,0.0,4
10-01-2019 10:29:16,-0.33998108,-0.63087463,9.424774,0.0021690428,-0.0013455749,-0.001206398,0.0,4
10-01-2019 10:29:17,-0.33638,-0.63327026,9.415192,0.0025332868,0.0012418628,0.0046195984,0.0,4
10-01-2019 10:29:17,-0.34596252,-0.63087463,9.430756,-0.0009751022,0.0008519292,-0.002357483,0.0,4
10-01-2019 10:29:17,-0.3471527,-0.63087463,9.431961,-0.0009407699,0.005208373,0.0012588501,0.0,4
10-01-2019 10:29:17,-0.34954834,-0.6320648,9.40921,-0.0026132762,0.0035375357,-0.0033903122,0.0,4
10-01-2019 10:29:17,-0.3435669,-0.6296692,9.418793,-0.003034383,0.003459692,-0.0042448044,0.0,4
10-01-2019 10:29:17,-0.33398438,-0.628479,9.415192,-0.0062102973,0.0045212507,-0.0001745224,0.0,4
10-01-2019 10:29:17,-0.34835815,-0.64164734,9.431961,-0.0020186603,0.005617738,-0.0019540787,0.0,4
10-01-2019 10:29:17,-0.35673523,-0.63087463,9.423584,-0.0050917566,-0.00060009956,-0.0061092377,0.0,4
10-01-2019 10:29:17,-0.3531494,-0.628479,9.411606,-0.004567176,0.004547477,-0.0030183792,0.0,4
10-01-2019 10:29:17,-0.3543396,-0.6380615,9.430756,-0.0039356947,0.005297005,-0.0038604736,0.0,4
10-01-2019 10:29:17,-0.3531494,-0.6464386,9.431961,-0.00078746676,0.0010450482,-0.0015029907,0.0,4
10-01-2019 10:29:17,-0.3531494,-0.6320648,9.417587,-0.0037164986,0.004877627,-0.0017194748,0.0,4
10-01-2019 10:29:17,-0.34835815,-0.63087463,9.423584,-0.0019553006,0.0042377114,0.0007390976,0.0,4
10-01-2019 10:29:17,-0.3435669,-0.6428375,9.441528,-0.00085255504,0.005417526,-0.0006580353,0.0,4
10-01-2019 10:29:17,-0.35075378,-0.6464386,9.42836,-0.0029108524,0.0036129355,0.00033473969,0.0,4
10-01-2019 10:29:17,-0.33877563,-0.6464386,9.418793,-0.004581243,0.006806731,-0.0019712448,0.0,4
10-01-2019 10:29:17,-0.34954834,-0.6404419,9.418793,-0.0059621036,0.00411433,-0.0008058548,0.0,4
10-01-2019 10:29:17,-0.34954834,-0.6260834,9.435547,-0.00063830614,0.0040149093,0.00084400177,0.0,4
10-01-2019 10:29:17,-0.3435669,-0.63327026,9.434357,0.00058725476,0.0044347644,-0.00083351135,0.0,4
10-01-2019 10:29:17,-0.32800293,-0.62727356,9.42717,0.00074747205,-0.0004531741,-0.0017433167,0.0,4
10-01-2019 10:29:17,-0.33998108,-0.63446045,9.424774,-0.0011956394,0.00032669306,0.0013275146,0.0,4
10-01-2019 10:29:17,-0.3543396,-0.63087463,9.4379425,-0.0029273033,-0.002128899,-0.0018377304,0.0,4
10-01-2019 10:29:17,-0.32681274,-0.64164734,9.442734,-0.0030592382,0.0045018196,0.00014209747,0.0,4
10-01-2019 10:29:17,-0.3435669,-0.6464386,9.44632,-0.00078731775,-0.0022824407,-0.001326561,0.0,4
10-01-2019 10:29:17,-0.34477234,-0.628479,9.451111,0.0013494194,-0.0023556948,-0.0015096664,0.0,4
10-01-2019 10:29:17,-0.35194397,-0.6428375,9.434357,-0.0015382469,0.004563749,-0.0011463165,0.0,4
10-01-2019 10:29:17,-0.3543396,-0.64164734,9.42717,-0.0016666949,0.0012906194,0.0014600754,0.0,4
10-01-2019 10:29:17,-0.3327942,-0.6320648,9.439133,-0.0009532571,-0.002162397,-5.6266785e-05,0.0,4
10-01-2019 10:29:17,-0.33998108,-0.64523315,9.442734,0.0005776584,0.0005392432,-0.0023727417,0.0,4
10-01-2019 10:29:17,-0.33398438,-0.64404297,9.439133,0.00096282363,-0.0020095706,0.003378868,0.0,4
10-01-2019 10:29:17,-0.33877563,-0.6320648,9.439133,-0.0021463335,0.0059021115,0.001709938,0.0,4
10-01-2019 10:29:17,-0.34954834,-0.63327026,9.430756,-5.6296587e-05,-0.003503263,-0.0031013489,0.0,4
10-01-2019 10:29:17,-0.34596252,-0.62727356,9.412811,-0.0018568933,-0.0017624497,0.0037584305,0.0,4
10-01-2019 10:29:17,-0.33998108,-0.6380615,9.42598,0.0008741319,0.00017601252,0.0009794235,0.0,4
10-01-2019 10:29:17,-0.33998108,-0.64404297,9.429565,0.00054481626,0.0032046437,-0.0010051727,0.0,4
10-01-2019 10:29:17,-0.3423767,-0.64523315,9.439133,0.0016711056,4.6908855e-05,-0.003373146,0.0,4
10-01-2019 10:29:17,-0.3543396,-0.6368561,9.436752,0.0016239583,0.00010031462,0.001036644,0.0,4
10-01-2019 10:29:17,-0.34835815,-0.6404419,9.42598,0.0010788143,0.0035822988,0.0009622574,0.0,4
10-01-2019 10:29:17,-0.34477234,-0.6380615,9.412811,-0.0010003448,-0.0016312003,-4.7683716e-06,0.0,4
10-01-2019 10:29:17,-0.3531494,-0.6380615,9.447525,0.0030137897,-0.0022027493,0.0011100769,0.0,4
10-01-2019 10:29:17,-0.3471527,-0.64164734,9.430756,-0.0026744902,-0.00048273802,0.0013027191,0.0,4
10-01-2019 10:29:17,-0.33758545,-0.6296692,9.42836,0.0014578402,0.0026724339,-0.0039987564,0.0,4
10-01-2019 10:29:17,-0.3471527,-0.63087463,9.42598,0.0051329136,0.0006196499,0.000910759,0.0,4
10-01-2019 10:29:17,-0.34835815,-0.62727356,9.424774,-0.00076913834,-8.779764e-05,-8.9645386e-05,0.0,4
10-01-2019 10:29:17,-0.3423767,-0.6428375,9.435547,0.0011730492,-0.00038081408,0.0012521744,0.0,4
10-01-2019 10:29:17,-0.331604,-0.64164734,9.433151,-0.0015799701,-0.0009778142,0.0069208145,0.0,4
10-01-2019 10:29:17,-0.34477234,-0.628479,9.4379425,-0.0005630255,0.0017445087,0.001414299,0.0,4
10-01-2019 10:29:17,-0.3471527,-0.6248932,9.42717,0.00080010295,-0.00186795,0.0062036514,0.0,4
10-01-2019 10:29:17,-0.33398438,-0.6296692,9.440338,-0.0027371347,0.001638174,0.0016183853,0.0,4
10-01-2019 10:29:17,-0.34596252,-0.63446045,9.423584,-0.0004949868,0.00032621622,-0.0027236938,0.0,4
10-01-2019 10:29:17,-0.34954834,-0.63446045,9.422379,-0.000102847815,0.00030702353,-0.0011930466,0.0,4
10-01-2019 10:29:17,-0.33638,-0.6404419,9.430756,0.00025457144,4.2915344e-05,0.005300522,0.0,4
10-01-2019 10:29:17,-0.34596252,-0.6320648,9.422379,-0.0027278364,-0.0034454465,0.0002450943,0.0,4
10-01-2019 10:29:17,-0.35794067,-0.6488342,9.433151,-0.0013822615,-0.0008689165,-0.001578331,0.0,4
10-01-2019 10:29:17,-0.33877563,-0.6296692,9.422379,-0.0025020838,0.0021765828,-0.0012693405,0.0,4
10-01-2019 10:29:17,-0.3435669,-0.6380615,9.431961,-0.0014436841,0.00015181303,-0.0013017654,0.0,4
10-01-2019 10:29:17,-0.34117126,-0.6368561,9.421188,0.0024023652,0.00058317184,-0.0030870438,0.0,4
10-01-2019 10:29:17,-0.33998108,-0.63087463,9.424774,0.0021690428,-0.0013455749,-0.001206398,0.0,4
10-01-2019 10:29:17,-0.34477234,-0.6188965,9.435547,0.0011208355,0.0007714629,-0.0018339157,0.0,4
10-01-2019 10:29:17,-0.34477234,-0.63087463,9.434357,-0.00083997846,0.0008556247,-0.000910759,0.0,4
10-01-2019 10:29:17,-0.3435669,-0.628479,9.435547,-0.0004976988,0.0039536357,-0.00011730194,0.0,4
10-01-2019 10:29:17,-0.34477234,-0.6248932,9.418793,0.002901882,0.00035989285,5.054474e-05,0.0,4
10-01-2019 10:29:19,-0.33638,-0.63327026,9.415192,0.0025332868,0.0012418628,0.0046195984,0.0,3
10-01-2019 10:29:19,-0.34596252,-0.63087463,9.430756,-0.0009751022,0.0008519292,-0.002357483,0.0,3
10-01-2019 10:29:19,-0.3471527,-0.63087463,9.431961,-0.0009407699,0.005208373,0.0012588501,0.0,3
10-01-2019 10:29:19,-0.34954834,-0.6320648,9.40921,-0.0026132762,0.0035375357,-0.0033903122,0.0,3
10-01-2019 10:29:19,-0.3435669,-0.6296692,9.418793,-0.003034383,0.003459692,-0.0042448044,0.0,3
10-01-2019 10:29:19,-0.33398438,-0.628479,9.415192,-0.0062102973,0.0045212507,-0.0001745224,0.0,3
10-01-2019 10:29:19,-0.34835815,-0.64164734,9.431961,-0.0020186603,0.005617738,-0.0019540787,0.0,3
10-01-2019 10:29:19,-0.35673523,-0.63087463,9.423584,-0.0050917566,-0.00060009956,-0.0061092377,0.0,3
10-01-2019 10:29:19,-0.3531494,-0.628479,9.411606,-0.004567176,0.004547477,-0.0030183792,0.0,3
10-01-2019 10:29:19,-0.3543396,-0.6380615,9.430756,-0.0039356947,0.005297005,-0.0038604736,0.0,3
10-01-2019 10:29:19,-0.3531494,-0.6464386,9.431961,-0.00078746676,0.0010450482,-0.0015029907,0.0,3
10-01-2019 10:29:19,-0.3531494,-0.6320648,9.417587,-0.0037164986,0.004877627,-0.0017194748,0.0,3
10-01-2019 10:29:19,-0.34835815,-0.63087463,9.423584,-0.0019553006,0.0042377114,0.0007390976,0.0,3
10-01-2019 10:29:19,-0.3435669,-0.6428375,9.441528,-0.00085255504,0.005417526,-0.0006580353,0.0,3
10-01-2019 10:29:19,-0.35075378,-0.6464386,9.42836,-0.0029108524,0.0036129355,0.00033473969,0.0,3
10-01-2019 10:29:19,-0.33877563,-0.6464386,9.418793,-0.004581243,0.006806731,-0.0019712448,0.0,3
10-01-2019 10:29:19,-0.34954834,-0.6404419,9.418793,-0.0059621036,0.00411433,-0.0008058548,0.0,3
10-01-2019 10:29:19,-0.34954834,-0.6260834,9.435547,-0.00063830614,0.0040149093,0.00084400177,0.0,3
10-01-2019 10:29:19,-0.3435669,-0.63327026,9.434357,0.00058725476,0.0044347644,-0.00083351135,0.0,3
10-01-2019 10:29:19,-0.32800293,-0.62727356,9.42717,0.00074747205,-0.0004531741,-0.0017433167,0.0,3
10-01-2019 10:29:19,-0.33998108,-0.63446045,9.424774,-0.0011956394,0.00032669306,0.0013275146,0.0,3
10-01-2019 10:29:19,-0.3543396,-0.63087463,9.4379425,-0.0029273033,-0.002128899,-0.0018377304,0.0,3
10-01-2019 10:29:19,-0.32681274,-0.64164734,9.442734,-0.0030592382,0.0045018196,0.00014209747,0.0,3
10-01-2019 10:29:19,-0.3435669,-0.6464386,9.44632,-0.00078731775,-0.0022824407,-0.001326561,0.0,3
10-01-2019 10:29:19,-0.34477234,-0.628479,9.451111,0.0013494194,-0.0023556948,-0.0015096664,0.0,3
10-01-2019 10:29:19,-0.35194397,-0.6428375,9.434357,-0.0015382469,0.004563749,-0.0011463165,0.0,3
10-01-2019 10:29:19,-0.3543396,-0.64164734,9.42717,-0.0016666949,0.0012906194,0.0014600754,0.0,3
10-01-2019 10:29:19,-0.3327942,-0.6320648,9.439133,-0.0009532571,-0.002162397,-5.6266785e-05,0.0,3
10-01-2019 10:29:19,-0.33998108,-0.64523315,9.442734,0.0005776584,0.0005392432,-0.0023727417,0.0,3
10-01-2019 10:29:19,-0.33398438,-0.64404297,9.439133,0.00096282363,-0.0020095706,0.003378868,0.0,3
10-01-2019 10:29:19,-0.33877563,-0.6320648,9.439133,-0.0021463335,0.0059021115,0.001709938,0.0,3
10-01-2019 10:29:19,-0.34954834,-0.63327026,9.430756,-5.6296587e-05,-0.003503263,-0.0031013489,0.0,3
10-01-2019 10:29:19,-0.34596252,-0.62727356,9.412811,-0.0018568933,-0.0017624497,0.0037584305,0.0,3
10-01-2019 10:29:19,-0.33998108,-0.6380615,9.42598,0.0008741319,0.00017601252,0.0009794235,0.0,3
10-01-2019 10:29:19,-0.33998108,-0.64404297,9.429565,0.00054481626,0.0032046437,-0.0010051727,0.0,3
10-01-2019 10:29:19,-0.3423767,-0.64523315,9.439133,0.0016711056,4.6908855e-05,-0.003373146,0.0,3
10-01-2019 10:29:19,-0.3543396,-0.6368561,9.436752,0.0016239583,0.00010031462,0.001036644,0.0,3
10-01-2019 10:29:19,-0.34835815,-0.6404419,9.42598,0.0010788143,0.0035822988,0.0009622574,0.0,3
10-01-2019 10:29:19,-0.34477234,-0.6380615,9.412811,-0.0010003448,-0.0016312003,-4.7683716e-06,0.0,3
10-01-2019 10:29:19,-0.3531494,-0.6380615,9.447525,0.0030137897,-0.0022027493,0.0011100769,0.0,3
10-01-2019 10:29:19,-0.3471527,-0.64164734,9.430756,-0.0026744902,-0.00048273802,0.0013027191,0.0,3
10-01-2019 10:29:19,-0.33758545,-0.6296692,9.42836,0.0014578402,0.0026724339,-0.0039987564,0.0,3
10-01-2019 10:29:19,-0.3471527,-0.63087463,9.42598,0.0051329136,0.0006196499,0.000910759,0.0,3
10-01-2019 10:29:19,-0.34835815,-0.62727356,9.424774,-0.00076913834,-8.779764e-05,-8.9645386e-05,0.0,3
10-01-2019 10:29:19,-0.3423767,-0.6428375,9.435547,0.0011730492,-0.00038081408,0.0012521744,0.0,3
10-01-2019 10:29:19,-0.331604,-0.64164734,9.433151,-0.0015799701,-0.0009778142,0.0069208145,0.0,3
10-01-2019 10:29:19,-0.34477234,-0.628479,9.4379425,-0.0005630255,0.0017445087,0.001414299,0.0,3
10-01-2019 10:29:19,-0.3471527,-0.6248932,9.42717,0.00080010295,-0.00186795,0.0062036514,0.0,3
10-01-2019 10:29:19,-0.33398438,-0.6296692,9.440338,-0.0027371347,0.001638174,0.0016183853,0.0,3
10-01-2019 10:29:19,-0.34596252,-0.63446045,9.423584,-0.0004949868,0.00032621622,-0.0027236938,0.0,3
10-01-2019 10:29:19,-0.34954834,-0.63446045,9.422379,-0.000102847815,0.00030702353,-0.0011930466,0.0,3
10-01-2019 10:29:19,-0.33638,-0.6404419,9.430756,0.00025457144,4.2915344e-05,0.005300522,0.0,3
10-01-2019 10:29:19,-0.34596252,-0.6320648,9.422379,-0.0027278364,-0.0034454465,0.0002450943,0.0,3
10-01-2019 10:29:19,-0.35794067,-0.6488342,9.433151,-0.0013822615,-0.0008689165,-0.001578331,0.0,3
10-01-2019 10:29:19,-0.33877563,-0.6296692,9.422379,-0.0025020838,0.0021765828,-0.0012693405,0.0,3
10-01-2019 10:29:19,-0.3435669,-0.6380615,9.431961,-0.0014436841,0.00015181303,-0.0013017654,0.0,3
10-01-2019 10:29:19,-0.34117126,-0.6368561,9.421188,0.0024023652,0.00058317184,-0.0030870438,0.0,3
10-01-2019 10:29:19,-0.33998108,-0.63087463,9.424774,0.0021690428,-0.0013455749,-0.001206398,0.0,3
10-01-2019 10:29:19,-0.34477234,-0.6188965,9.435547,0.0011208355,0.0007714629,-0.0018339157,0.0,3
10-01-2019 10:29:19,-0.34477234,-0.63087463,9.434357,-0.00083997846,0.0008556247,-0.000910759,0.0,3
10-01-2019 10:29:19,-0.3435669,-0.628479,9.435547,-0.0004976988,0.0039536357,-0.00011730194,0.0,3
10-01-2019 10:29:19,-0.34477234,-0.6248932,9.418793,0.002901882,0.00035989285,5.054474e-05,0.0,3
10-01-2019 10:29:19,-0.34954834,-0.6380615,9.412811,-0.0015843213,0.0012496114,0.0028791428,0.0,3
10-01-2019 10:29:19,-0.34835815,-0.6356659,9.429565,-0.0018576086,-0.0014964342,0.00061893463,0.0,3
10-01-2019 10:29:19,-0.33398438,-0.6500244,9.429565,-0.0007353425,-0.0016302466,-0.0051670074,0.0,3
10-01-2019 10:29:19,-0.34596252,-0.6296692,9.419983,-0.0015928447,-0.0033703446,0.0005378723,0.0,3
10-01-2019 10:29:19,-0.33758545,-0.628479,9.412811,-0.0029269457,-0.00054091215,-0.0003862381,0.0,3
10-01-2019 10:29:19,-0.33877563,-0.6404419,9.42836,-0.00045987964,-0.002047062,0.0018072128,0.0,3
10-01-2019 10:29:19,-0.35794067,-0.63327026,9.416397,0.0019657314,0.0005250573,-0.002398491,0.0,3
10-01-2019 10:29:19,-0.3471527,-0.63087463,9.418793,0.0005013943,0.0028792024,-0.0006170273,0.0,3
10-01-2019 10:29:19,-0.34835815,-0.6404419,9.423584,-0.0021885931,-0.0021480322,0.0011138916,0.0,3
10-01-2019 10:29:20,-0.33638,-0.63327026,9.415192,0.0025332868,0.0012418628,0.0046195984,0.0,2
10-01-2019 10:29:20,-0.34596252,-0.63087463,9.430756,-0.0009751022,0.0008519292,-0.002357483,0.0,2
10-01-2019 10:29:20,-0.3471527,-0.63087463,9.431961,-0.0009407699,0.005208373,0.0012588501,0.0,2
10-01-2019 10:29:20,-0.34954834,-0.6320648,9.40921,-0.0026132762,0.0035375357,-0.0033903122,0.0,2
10-01-2019 10:29:20,-0.3435669,-0.6296692,9.418793,-0.003034383,0.003459692,-0.0042448044,0.0,2
10-01-2019 10:29:20,-0.33398438,-0.628479,9.415192,-0.0062102973,0.0045212507,-0.0001745224,0.0,2
10-01-2019 10:29:20,-0.34835815,-0.64164734,9.431961,-0.0020186603,0.005617738,-0.0019540787,0.0,2
10-01-2019 10:29:20,-0.35673523,-0.63087463,9.423584,-0.0050917566,-0.00060009956,-0.0061092377,0.0,2
10-01-2019 10:29:20,-0.3531494,-0.628479,9.411606,-0.004567176,0.004547477,-0.0030183792,0.0,2
10-01-2019 10:29:20,-0.3543396,-0.6380615,9.430756,-0.0039356947,0.005297005,-0.0038604736,0.0,2
10-01-2019 10:29:20,-0.3531494,-0.6464386,9.431961,-0.00078746676,0.0010450482,-0.0015029907,0.0,2
10-01-2019 10:29:20,-0.3531494,-0.6320648,9.417587,-0.0037164986,0.004877627,-0.0017194748,0.0,2
10-01-2019 10:29:20,-0.34835815,-0.63087463,9.423584,-0.0019553006,0.0042377114,0.0007390976,0.0,2
10-01-2019 10:29:20,-0.3435669,-0.6428375,9.441528,-0.00085255504,0.005417526,-0.0006580353,0.0,2
10-01-2019 10:29:20,-0.35075378,-0.6464386,9.42836,-0.0029108524,0.0036129355,0.00033473969,0.0,2
10-01-2019 10:29:20,-0.33877563,-0.6464386,9.418793,-0.004581243,0.006806731,-0.0019712448,0.0,2
10-01-2019 10:29:20,-0.34954834,-0.6404419,9.418793,-0.0059621036,0.00411433,-0.0008058548,0.0,2
10-01-2019 10:29:20,-0.34954834,-0.6260834,9.435547,-0.00063830614,0.0040149093,0.00084400177,0.0,2
10-01-2019 10:29:20,-0.3435669,-0.63327026,9.434357,0.00058725476,0.0044347644,-0.00083351135,0.0,2
10-01-2019 10:29:20,-0.32800293,-0.62727356,9.42717,0.00074747205,-0.0004531741,-0.0017433167,0.0,2
10-01-2019 10:29:20,-0.33998108,-0.63446045,9.424774,-0.0011956394,0.00032669306,0.0013275146,0.0,2
10-01-2019 10:29:20,-0.3543396,-0.63087463,9.4379425,-0.0029273033,-0.002128899,-0.0018377304,0.0,2
10-01-2019 10:29:20,-0.32681274,-0.64164734,9.442734,-0.0030592382,0.0045018196,0.00014209747,0.0,2
10-01-2019 10:29:20,-0.3435669,-0.6464386,9.44632,-0.00078731775,-0.0022824407,-0.001326561,0.0,2
10-01-2019 10:29:20,-0.34477234,-0.628479,9.451111,0.0013494194,-0.0023556948,-0.0015096664,0.0,2
10-01-2019 10:29:20,-0.35194397,-0.6428375,9.434357,-0.0015382469,0.004563749,-0.0011463165,0.0,2
10-01-2019 10:29:20,-0.3543396,-0.64164734,9.42717,-0.0016666949,0.0012906194,0.0014600754,0.0,2
10-01-2019 10:29:20,-0.3327942,-0.6320648,9.439133,-0.0009532571,-0.002162397,-5.6266785e-05,0.0,2
10-01-2019 10:29:20,-0.33998108,-0.64523315,9.442734,0.0005776584,0.0005392432,-0.0023727417,0.0,2
10-01-2019 10:29:20,-0.33398438,-0.64404297,9.439133,0.00096282363,-0.0020095706,0.003378868,0.0,2
10-01-2019 10:29:20,-0.33877563,-0.6320648,9.439133,-0.0021463335,0.0059021115,0.001709938,0.0,2
10-01-2019 10:29:20,-0.34954834,-0.63327026,9.430756,-5.6296587e-05,-0.003503263,-0.0031013489,0.0,2
10-01-2019 10:29:20,-0.34596252,-0.62727356,9.412811,-0.0018568933,-0.0017624497,0.0037584305,0.0,2
10-01-2019 10:29:20,-0.33998108,-0.6380615,9.42598,0.0008741319,0.00017601252,0.0009794235,0.0,2
10-01-2019 10:29:20,-0.33998108,-0.64404297,9.429565,0.00054481626,0.0032046437,-0.0010051727,0.0,2
10-01-2019 10:29:20,-0.3423767,-0.64523315,9.439133,0.0016711056,4.6908855e-05,-0.003373146,0.0,2
10-01-2019 10:29:20,-0.3543396,-0.6368561,9.436752,0.0016239583,0.00010031462,0.001036644,0.0,2
10-01-2019 10:29:20,-0.34835815,-0.6404419,9.42598,0.0010788143,0.0035822988,0.0009622574,0.0,2
10-01-2019 10:29:20,-0.34477234,-0.6380615,9.412811,-0.0010003448,-0.0016312003,-4.7683716e-06,0.0,2
10-01-2019 10:29:20,-0.3531494,-0.6380615,9.447525,0.0030137897,-0.0022027493,0.0011100769,0.0,2
10-01-2019 10:29:20,-0.3471527,-0.64164734,9.430756,-0.0026744902,-0.00048273802,0.0013027191,0.0,2
10-01-2019 10:29:20,-0.33758545,-0.6296692,9.42836,0.0014578402,0.0026724339,-0.0039987564,0.0,2
10-01-2019 10:29:20,-0.3471527,-0.63087463,9.42598,0.0051329136,0.0006196499,0.000910759,0.0,2
10-01-2019 10:29:20,-0.34835815,-0.62727356,9.424774,-0.00076913834,-8.779764e-05,-8.9645386e-05,0.0,2
10-01-2019 10:29:20,-0.3423767,-0.6428375,9.435547,0.0011730492,-0.00038081408,0.0012521744,0.0,2
10-01-2019 10:29:20,-0.331604,-0.64164734,9.433151,-0.0015799701,-0.0009778142,0.0069208145,0.0,2
10-01-2019 10:29:20,-0.34477234,-0.628479,9.4379425,-0.0005630255,0.0017445087,0.001414299,0.0,2
10-01-2019 10:29:20,-0.3471527,-0.6248932,9.42717,0.00080010295,-0.00186795,0.0062036514,0.0,2
10-01-2019 10:29:20,-0.33398438,-0.6296692,9.440338,-0.0027371347,0.001638174,0.0016183853,0.0,2
10-01-2019 10:29:20,-0.34596252,-0.63446045,9.423584,-0.0004949868,0.00032621622,-0.0027236938,0.0,2
10-01-2019 10:29:20,-0.34954834,-0.63446045,9.422379,-0.000102847815,0.00030702353,-0.0011930466,0.0,2
10-01-2019 10:29:20,-0.33638,-0.6404419,9.430756,0.00025457144,4.2915344e-05,0.005300522,0.0,2
10-01-2019 10:29:20,-0.34596252,-0.6320648,9.422379,-0.0027278364,-0.0034454465,0.0002450943,0.0,2
10-01-2019 10:29:20,-0.35794067,-0.6488342,9.433151,-0.0013822615,-0.0008689165,-0.001578331,0.0,2
10-01-2019 10:29:20,-0.33877563,-0.6296692,9.422379,-0.0025020838,0.0021765828,-0.0012693405,0.0,2
10-01-2019 10:29:20,-0.3435669,-0.6380615,9.431961,-0.0014436841,0.00015181303,-0.0013017654,0.0,2
10-01-2019 10:29:20,-0.34117126,-0.6368561,9.421188,0.0024023652,0.00058317184,-0.0030870438,0.0,2
10-01-2019 10:29:20,-0.33998108,-0.63087463,9.424774,0.0021690428,-0.0013455749,-0.001206398,0.0,2
10-01-2019 10:29:20,-0.34477234,-0.6188965,9.435547,0.0011208355,0.0007714629,-0.0018339157,0.0,2
10-01-2019 10:29:20,-0.34477234,-0.63087463,9.434357,-0.00083997846,0.0008556247,-0.000910759,0.0,2
10-01-2019 10:29:20,-0.3435669,-0.628479,9.435547,-0.0004976988,0.0039536357,-0.00011730194,0.0,2
10-01-2019 10:29:20,-0.34477234,-0.6248932,9.418793,0.002901882,0.00035989285,5.054474e-05,0.0,2
10-01-2019 10:29:20,-0.34954834,-0.6380615,9.412811,-0.0015843213,0.0012496114,0.0028791428,0.0,2
10-01-2019 10:29:20,-0.34835815,-0.6356659,9.429565,-0.0018576086,-0.0014964342,0.00061893463,0.0,2
10-01-2019 10:29:20,-0.33398438,-0.6500244,9.429565,-0.0007353425,-0.0016302466,-0.0051670074,0.0,2
10-01-2019 10:29:20,-0.34596252,-0.6296692,9.419983,-0.0015928447,-0.0033703446,0.0005378723,0.0,2
10-01-2019 10:29:20,-0.33758545,-0.628479,9.412811,-0.0029269457,-0.00054091215,-0.0003862381,0.0,2
10-01-2019 10:29:20,-0.33877563,-0.6404419,9.42836,-0.00045987964,-0.002047062,0.0018072128,0.0,2
10-01-2019 10:29:20,-0.35794067,-0.63327026,9.416397,0.0019657314,0.0005250573,-0.002398491,0.0,2
10-01-2019 10:29:20,-0.3471527,-0.63087463,9.418793,0.0005013943,0.0028792024,-0.0006170273,0.0,2
10-01-2019 10:29:20,-0.34835815,-0.6404419,9.423584,-0.0021885931,-0.0021480322,0.0011138916,0.0,2
10-01-2019 10:29:20,-0.35194397,-0.63087463,9.42836,0.0007458329,-0.00027430058,-0.0017127991,0.0,2
10-01-2019 10:29:20,-0.35554504,-0.6404419,9.44632,0.00040194392,0.0012372136,0.0029697418,0.0,2
10-01-2019 10:29:20,-0.35673523,-0.6248932,9.42836,-0.00090554357,0.00014680624,0.0038194656,0.0,2
10-01-2019 10:29:20,-0.34117126,-0.6188965,9.415192,0.0013708472,-0.0015282035,-0.0027074814,0.0,2
10-01-2019 10:29:20,-0.3471527,-0.6260834,9.415192,-0.0038089752,0.0005196929,-0.00085639954,0.0,2
10-01-2019 10:29:21,-0.33638,-0.63327026,9.415192,0.0025332868,0.0012418628,0.0046195984,0.0,3
10-01-2019 10:29:21,-0.34596252,-0.63087463,9.430756,-0.0009751022,0.0008519292,-0.002357483,0.0,3
10-01-2019 10:29:21,-0.3471527,-0.63087463,9.431961,-0.0009407699,0.005208373,0.0012588501,0.0,3
10-01-2019 10:29:21,-0.34954834,-0.6320648,9.40921,-0.0026132762,0.0035375357,-0.0033903122,0.0,3
10-01-2019 10:29:21,-0.3435669,-0.6296692,9.418793,-0.003034383,0.003459692,-0.0042448044,0.0,3
10-01-2019 10:29:21,-0.33398438,-0.628479,9.415192,-0.0062102973,0.0045212507,-0.0001745224,0.0,3
10-01-2019 10:29:21,-0.34835815,-0.64164734,9.431961,-0.0020186603,0.005617738,-0.0019540787,0.0,3
10-01-2019 10:29:21,-0.35673523,-0.63087463,9.423584,-0.0050917566,-0.00060009956,-0.0061092377,0.0,3
10-01-2019 10:29:21,-0.3531494,-0.628479,9.411606,-0.004567176,0.004547477,-0.0030183792,0.0,3
10-01-2019 10:29:21,-0.3543396,-0.6380615,9.430756,-0.0039356947,0.005297005,-0.0038604736,0.0,3
10-01-2019 10:29:21,-0.3531494,-0.6464386,9.431961,-0.00078746676,0.0010450482,-0.0015029907,0.0,3
10-01-2019 10:29:21,-0.3531494,-0.6320648,9.417587,-0.0037164986,0.004877627,-0.0017194748,0.0,3
10-01-2019 10:29:21,-0.34835815,-0.63087463,9.423584,-0.0019553006,0.0042377114,0.0007390976,0.0,3
10-01-2019 10:29:21,-0.3435669,-0.6428375,9.441528,-0.00085255504,0.005417526,-0.0006580353,0.0,3
10-01-2019 10:29:21,-0.35075378,-0.6464386,9.42836,-0.0029108524,0.0036129355,0.00033473969,0.0,3
10-01-2019 10:29:21,-0.33877563,-0.6464386,9.418793,-0.004581243,0.006806731,-0.0019712448,0.0,3
10-01-2019 10:29:21,-0.34954834,-0.6404419,9.418793,-0.0059621036,0.00411433,-0.0008058548,0.0,3
10-01-2019 10:29:21,-0.34954834,-0.6260834,9.435547,-0.00063830614,0.0040149093,0.00084400177,0.0,3
10-01-2019 10:29:21,-0.3435669,-0.63327026,9.434357,0.00058725476,0.0044347644,-0.00083351135,0.0,3
10-01-2019 10:29:21,-0.32800293,-0.62727356,9.42717,0.00074747205,-0.0004531741,-0.0017433167,0.0,3
10-01-2019 10:29:21,-0.33998108,-0.63446045,9.424774,-0.0011956394,0.00032669306,0.0013275146,0.0,3
10-01-2019 10:29:21,-0.3543396,-0.63087463,9.4379425,-0.0029273033,-0.002128899,-0.0018377304,0.0,3
10-01-2019 10:29:21,-0.32681274,-0.64164734,9.442734,-0.0030592382,0.0045018196,0.00014209747,0.0,3
10-01-2019 10:29:21,-0.3435669,-0.6464386,9.44632,-0.00078731775,-0.0022824407,-0.001326561,0.0,3
10-01-2019 10:29:21,-0.34477234,-0.628479,9.451111,0.0013494194,-0.0023556948,-0.0015096664,0.0,3
10-01-2019 10:29:21,-0.35194397,-0.6428375,9.434357,-0.0015382469,0.004563749,-0.0011463165,0.0,3
10-01-2019 10:29:21,-0.3543396,-0.64164734,9.42717,-0.0016666949,0.0012906194,0.0014600754,0.0,3
10-01-2019 10:29:21,-0.3327942,-0.6320648,9.439133,-0.0009532571,-0.002162397,-5.6266785e-05,0.0,3
10-01-2019 10:29:21,-0.33998108,-0.64523315,9.442734,0.0005776584,0.0005392432,-0.0023727417,0.0,3
10-01-2019 10:29:21,-0.33398438,-0.64404297,9.439133,0.00096282363,-0.0020095706,0.003378868,0.0,3
10-01-2019 10:29:21,-0.33877563,-0.6320648,9.439133,-0.0021463335,0.0059021115,0.001709938,0.0,3
10-01-2019 10:29:21,-0.34954834,-0.63327026,9.430756,-5.6296587e-05,-0.003503263,-0.0031013489,0.0,3
10-01-2019 10:29:21,-0.34596252,-0.62727356,9.412811,-0.0018568933,-0.0017624497,0.0037584305,0.0,3
10-01-2019 10:29:21,-0.33998108,-0.6380615,9.42598,0.0008741319,0.00017601252,0.0009794235,0.0,3
10-01-2019 10:29:21,-0.33998108,-0.64404297,9.429565,0.00054481626,0.0032046437,-0.0010051727,0.0,3
10-01-2019 10:29:21,-0.3423767,-0.64523315,9.439133,0.0016711056,4.6908855e-05,-0.003373146,0.0,3
10-01-2019 10:29:21,-0.3543396,-0.6368561,9.436752,0.0016239583,0.00010031462,0.001036644,0.0,3
10-01-2019 10:29:21,-0.34835815,-0.6404419,9.42598,0.0010788143,0.0035822988,0.0009622574,0.0,3
10-01-2019 10:29:21,-0.34477234,-0.6380615,9.412811,-0.0010003448,-0.0016312003,-4.7683716e-06,0.0,3
10-01-2019 10:29:21,-0.3531494,-0.6380615,9.447525,0.0030137897,-0.0022027493,0.0011100769,0.0,3
10-01-2019 10:29:21,-0.3471527,-0.64164734,9.430756,-0.0026744902,-0.00048273802,0.0013027191,0.0,3
10-01-2019 10:29:21,-0.33758545,-0.6296692,9.42836,0.0014578402,0.0026724339,-0.0039987564,0.0,3
10-01-2019 10:29:21,-0.3471527,-0.63087463,9.42598,0.0051329136,0.0006196499,0.000910759,0.0,3
10-01-2019 10:29:21,-0.34835815,-0.62727356,9.424774,-0.00076913834,-8.779764e-05,-8.9645386e-05,0.0,3
10-01-2019 10:29:21,-0.3423767,-0.6428375,9.435547,0.0011730492,-0.00038081408,0.0012521744,0.0,3
10-01-2019 10:29:21,-0.331604,-0.64164734,9.433151,-0.0015799701,-0.0009778142,0.0069208145,0.0,3
10-01-2019 10:29:21,-0.34477234,-0.628479,9.4379425,-0.0005630255,0.0017445087,0.001414299,0.0,3
10-01-2019 10:29:21,-0.3471527,-0.6248932,9.42717,0.00080010295,-0.00186795,0.0062036514,0.0,3
10-01-2019 10:29:21,-0.33398438,-0.6296692,9.440338,-0.0027371347,0.001638174,0.0016183853,0.0,3
10-01-2019 10:29:21,-0.34596252,-0.63446045,9.423584,-0.0004949868,0.00032621622,-0.0027236938,0.0,3
10-01-2019 10:29:21,-0.34954834,-0.63446045,9.422379,-0.000102847815,0.00030702353,-0.0011930466,0.0,3
10-01-2019 10:29:21,-0.33638,-0.6404419,9.430756,0.00025457144,4.2915344e-05,0.005300522,0.0,3
10-01-2019 10:29:21,-0.34596252,-0.6320648,9.422379,-0.0027278364,-0.0034454465,0.0002450943,0.0,3
10-01-2019 10:29:21,-0.35794067,-0.6488342,9.433151,-0.0013822615,-0.0008689165,-0.001578331,0.0,3
10-01-2019 10:29:21,-0.33877563,-0.6296692,9.422379,-0.0025020838,0.0021765828,-0.0012693405,0.0,3
10-01-2019 10:29:21,-0.3435669,-0.6380615,9.431961,-0.0014436841,0.00015181303,-0.0013017654,0.0,3
10-01-2019 10:29:21,-0.34117126,-0.6368561,9.421188,0.0024023652,0.00058317184,-0.0030870438,0.0,3
10-01-2019 10:29:21,-0.33998108,-0.63087463,9.424774,0.0021690428,-0.0013455749,-0.001206398,0.0,3
10-01-2019 10:29:21,-0.34477234,-0.6188965,9.435547,0.0011208355,0.0007714629,-0.0018339157,0.0,3
10-01-2019 10:29:21,-0.34477234,-0.63087463,9.434357,-0.00083997846,0.0008556247,-0.000910759,0.0,3
10-01-2019 10:29:21,-0.3435669,-0.628479,9.435547,-0.0004976988,0.0039536357,-0.00011730194,0.0,3
10-01-2019 10:29:21,-0.34477234,-0.6248932,9.418793,0.002901882,0.00035989285,5.054474e-05,0.0,3
10-01-2019 10:29:21,-0.34954834,-0.6380615,9.412811,-0.0015843213,0.0012496114,0.0028791428,0.0,3
10-01-2019 10:29:21,-0.34835815,-0.6356659,9.429565,-0.0018576086,-0.0014964342,0.00061893463,0.0,3
10-01-2019 10:29:21,-0.33398438,-0.6500244,9.429565,-0.0007353425,-0.0016302466,-0.0051670074,0.0,3
10-01-2019 10:29:21,-0.34596252,-0.6296692,9.419983,-0.0015928447,-0.0033703446,0.0005378723,0.0,3
10-01-2019 10:29:21,-0.33758545,-0.628479,9.412811,-0.0029269457,-0.00054091215,-0.0003862381,0.0,3
10-01-2019 10:29:21,-0.33877563,-0.6404419,9.42836,-0.00045987964,-0.002047062,0.0018072128,0.0,3
10-01-2019 10:29:21,-0.35794067,-0.63327026,9.416397,0.0019657314,0.0005250573,-0.002398491,0.0,3
10-01-2019 10:29:21,-0.3471527,-0.63087463,9.418793,0.0005013943,0.0028792024,-0.0006170273,0.0,3
10-01-2019 10:29:21,-0.34835815,-0.6404419,9.423584,-0.0021885931,-0.0021480322,0.0011138916,0.0,3
10-01-2019 10:29:21,-0.35194397,-0.63087463,9.42836,0.0007458329,-0.00027430058,-0.0017127991,0.0,3
10-01-2019 10:29:21,-0.35554504,-0.6404419,9.44632,0.00040194392,0.0012372136,0.0029697418,0.0,3
10-01-2019 10:29:21,-0.35673523,-0.6248932,9.42836,-0.00090554357,0.00014680624,0.0038194656,0.0,3
10-01-2019 10:29:21,-0.34117126,-0.6188965,9.415192,0.0013708472,-0.0015282035,-0.0027074814,0.0,3
10-01-2019 10:29:21,-0.3471527,-0.6260834,9.415192,-0.0038089752,0.0005196929,-0.00085639954,0.0,3
10-01-2019 10:29:21,-0.3435669,-0.63446045,9.44632,-0.0035105646,-0.00085508823,0.00094795227,0.0,3
10-01-2019 10:29:21,-0.34835815,-0.628479,9.430756,0.00214684,0.0008788705,0.0051345825,0.0,3
10-01-2019 10:29:21,-0.35075378,-0.64523315,9.424774,-0.0025663376,0.00034207106,-0.0042390823,0.0,3
10-01-2019 10:29:21,-0.33039856,-0.6368561,9.419983,-0.0020911396,0.0034258366,-0.0032949448,0.0,3
10-01-2019 10:29:22,-0.33638,-0.63327026,9.415192,0.0025332868,0.0012418628,0.0046195984,0.0,3
10-01-2019 10:29:22,-0.34596252,-0.63087463,9.430756,-0.0009751022,0.0008519292,-0.002357483,0.0,3
10-01-2019 10:29:22,-0.3471527,-0.63087463,9.431961,-0.0009407699,0.005208373,0.0012588501,0.0,3
10-01-2019 10:29:22,-0.34954834,-0.6320648,9.40921,-0.0026132762,0.0035375357,-0.0033903122,0.0,3
10-01-2019 10:29:22,-0.3435669,-0.6296692,9.418793,-0.003034383,0.003459692,-0.0042448044,0.0,3
10-01-2019 10:29:22,-0.33398438,-0.628479,9.415192,-0.0062102973,0.0045212507,-0.0001745224,0.0,3
10-01-2019 10:29:22,-0.34835815,-0.64164734,9.431961,-0.0020186603,0.005617738,-0.0019540787,0.0,3
10-01-2019 10:29:22,-0.35673523,-0.63087463,9.423584,-0.0050917566,-0.00060009956,-0.0061092377,0.0,3
10-01-2019 10:29:22,-0.3531494,-0.628479,9.411606,-0.004567176,0.004547477,-0.0030183792,0.0,3
10-01-2019 10:29:22,-0.3543396,-0.6380615,9.430756,-0.0039356947,0.005297005,-0.0038604736,0.0,3
10-01-2019 10:29:22,-0.3531494,-0.6464386,9.431961,-0.00078746676,0.0010450482,-0.0015029907,0.0,3
10-01-2019 10:29:22,-0.3531494,-0.6320648,9.417587,-0.0037164986,0.004877627,-0.0017194748,0.0,3
10-01-2019 10:29:22,-0.34835815,-0.63087463,9.423584,-0.0019553006,0.0042377114,0.0007390976,0.0,3
10-01-2019 10:29:22,-0.3435669,-0.6428375,9.441528,-0.00085255504,0.005417526,-0.0006580353,0.0,3
10-01-2019 10:29:22,-0.35075378,-0.6464386,9.42836,-0.0029108524,0.0036129355,0.00033473969,0.0,3
10-01-2019 10:29:22,-0.33877563,-0.6464386,9.418793,-0.004581243,0.006806731,-0.0019712448,0.0,3
10-01-2019 10:29:22,-0.34954834,-0.6404419,9.418793,-0.0059621036,0.00411433,-0.0008058548,0.0,3
10-01-2019 10:29:22,-0.34954834,-0.6260834,9.435547,-0.00063830614,0.0040149093,0.00084400177,0.0,3
10-01-2019 10:29:22,-0.3435669,-0.63327026,9.434357,0.00058725476,0.0044347644,-0.00083351135,0.0,3
10-01-2019 10:29:22,-0.32800293,-0.62727356,9.42717,0.00074747205,-0.0004531741,-0.0017433167,0.0,3
10-01-2019 10:29:22,-0.33998108,-0.63446045,9.424774,-0.0011956394,0.00032669306,0.0013275146,0.0,3
10-01-2019 10:29:22,-0.3543396,-0.63087463,9.4379425,-0.0029273033,-0.002128899,-0.0018377304,0.0,3
10-01-2019 10:29:22,-0.32681274,-0.64164734,9.442734,-0.0030592382,0.0045018196,0.00014209747,0.0,3
10-01-2019 10:29:22,-0.3435669,-0.6464386,9.44632,-0.00078731775,-0.0022824407,-0.001326561,0.0,3
10-01-2019 10:29:22,-0.34477234,-0.628479,9.451111,0.0013494194,-0.0023556948,-0.0015096664,0.0,3
10-01-2019 10:29:22,-0.35194397,-0.6428375,9.434357,-0.0015382469,0.004563749,-0.0011463165,0.0,3
10-01-2019 10:29:22,-0.3543396,-0.64164734,9.42717,-0.0016666949,0.0012906194,0.0014600754,0.0,3
10-01-2019 10:29:22,-0.3327942,-0.6320648,9.439133,-0.0009532571,-0.002162397,-5.6266785e-05,0.0,3
10-01-2019 10:29:22,-0.33998108,-0.64523315,9.442734,0.0005776584,0.0005392432,-0.0023727417,0.0,3
10-01-2019 10:29:22,-0.33398438,-0.64404297,9.439133,0.00096282363,-0.0020095706,0.003378868,0.0,3
10-01-2019 10:29:22,-0.33877563,-0.6320648,9.439133,-0.0021463335,0.0059021115,0.001709938,0.0,3
10-01-2019 10:29:22,-0.34954834,-0.63327026,9.430756,-5.6296587e-05,-0.003503263,-0.0031013489,0.0,3
10-01-2019 10:29:22,-0.34596252,-0.62727356,9.412811,-0.0018568933,-0.0017624497,0.0037584305,0.0,3
10-01-2019 10:29:22,-0.33998108,-0.6380615,9.42598,0.0008741319,0.00017601252,0.0009794235,0.0,3
10-01-2019 10:29:22,-0.33998108,-0.64404297,9.429565,0.00054481626,0.0032046437,-0.0010051727,0.0,3
10-01-2019 10:29:22,-0.3423767,-0.64523315,9.439133,0.0016711056,4.6908855e-05,-0.003373146,0.0,3
10-01-2019 10:29:22,-0.3543396,-0.6368561,9.436752,0.0016239583,0.00010031462,0.001036644,0.0,3
10-01-2019 10:29:22,-0.34835815,-0.6404419,9.42598,0.0010788143,0.0035822988,0.0009622574,0.0,3
10-01-2019 10:29:22,-0.34477234,-0.6380615,9.412811,-0.0010003448,-0.0016312003,-4.7683716e-06,0.0,3
10-01-2019 10:29:22,-0.3531494,-0.6380615,9.447525,0.0030137897,-0.0022027493,0.0011100769,0.0,3
10-01-2019 10:29:22,-0.3471527,-0.64164734,9.430756,-0.0026744902,-0.00048273802,0.0013027191,0.0,3
10-01-2019 10:29:22,-0.33758545,-0.6296692,9.42836,0.0014578402,0.0026724339,-0.0039987564,0.0,3
10-01-2019 10:29:22,-0.3471527,-0.63087463,9.42598,0.0051329136,0.0006196499,0.000910759,0.0,3
10-01-2019 10:29:22,-0.34835815,-0.62727356,9.424774,-0.00076913834,-8.779764e-05,-8.9645386e-05,0.0,3
10-01-2019 10:29:22,-0.3423767,-0.6428375,9.435547,0.0011730492,-0.00038081408,0.0012521744,0.0,3
10-01-2019 10:29:22,-0.331604,-0.64164734,9.433151,-0.0015799701,-0.0009778142,0.0069208145,0.0,3
10-01-2019 10:29:22,-0.34477234,-0.628479,9.4379425,-0.0005630255,0.0017445087,0.001414299,0.0,3
10-01-2019 10:29:22,-0.3471527,-0.6248932,9.42717,0.00080010295,-0.00186795,0.0062036514,0.0,3
10-01-2019 10:29:22,-0.33398438,-0.6296692,9.440338,-0.0027371347,0.001638174,0.0016183853,0.0,3
10-01-2019 10:29:22,-0.34596252,-0.63446045,9.423584,-0.0004949868,0.00032621622,-0.0027236938,0.0,3
10-01-2019 10:29:22,-0.34954834,-0.63446045,9.422379,-0.000102847815,0.00030702353,-0.0011930466,0.0,3
10-01-2019 10:29:22,-0.33638,-0.6404419,9.430756,0.00025457144,4.2915344e-05,0.005300522,0.0,3
10-01-2019 10:29:22,-0.34596252,-0.6320648,9.422379,-0.0027278364,-0.0034454465,0.0002450943,0.0,3
10-01-2019 10:29:22,-0.35794067,-0.6488342,9.433151,-0.0013822615,-0.0008689165,-0.001578331,0.0,3
10-01-2019 10:29:22,-0.33877563,-0.6296692,9.422379,-0.0025020838,0.0021765828,-0.0012693405,0.0,3
10-01-2019 10:29:22,-0.3435669,-0.6380615,9.431961,-0.0014436841,0.00015181303,-0.0013017654,0.0,3
10-01-2019 10:29:22,-0.34117126,-0.6368561,9.421188,0.0024023652,0.00058317184,-0.0030870438,0.0,3
10-01-2019 10:29:22,-0.33998108,-0.63087463,9.424774,0.0021690428,-0.0013455749,-0.001206398,0.0,3
10-01-2019 10:29:22,-0.34477234,-0.6188965,9.435547,0.0011208355,0.0007714629,-0.0018339157,0.0,3
10-01-2019 10:29:22,-0.34477234,-0.63087463,9.434357,-0.00083997846,0.0008556247,-0.000910759,0.0,3
10-01-2019 10:29:22,-0.3435669,-0.628479,9.435547,-0.0004976988,0.0039536357,-0.00011730194,0.0,3
10-01-2019 10:29:22,-0.34477234,-0.6248932,9.418793,0.002901882,0.00035989285,5.054474e-05,0.0,3
10-01-2019 10:29:22,-0.34954834,-0.6380615,9.412811,-0.0015843213,0.0012496114,0.0028791428,0.0,3
10-01-2019 10:29:22,-0.34835815,-0.6356659,9.429565,-0.0018576086,-0.0014964342,0.00061893463,0.0,3
10-01-2019 10:29:22,-0.33398438,-0.6500244,9.429565,-0.0007353425,-0.0016302466,-0.0051670074,0.0,3
10-01-2019 10:29:22,-0.34596252,-0.6296692,9.419983,-0.0015928447,-0.0033703446,0.0005378723,0.0,3
10-01-2019 10:29:22,-0.33758545,-0.628479,9.412811,-0.0029269457,-0.00054091215,-0.0003862381,0.0,3
10-01-2019 10:29:22,-0.33877563,-0.6404419,9.42836,-0.00045987964,-0.002047062,0.0018072128,0.0,3
10-01-2019 10:29:22,-0.35794067,-0.63327026,9.416397,0.0019657314,0.0005250573,-0.002398491,0.0,3
10-01-2019 10:29:22,-0.3471527,-0.63087463,9.418793,0.0005013943,0.0028792024,-0.0006170273,0.0,3
10-01-2019 10:29:22,-0.34835815,-0.6404419,9.423584,-0.0021885931,-0.0021480322,0.0011138916,0.0,3
10-01-2019 10:29:22,-0.35194397,-0.63087463,9.42836,0.0007458329,-0.00027430058,-0.0017127991,0.0,3
10-01-2019 10:29:22,-0.35554504,-0.6404419,9.44632,0.00040194392,0.0012372136,0.0029697418,0.0,3
10-01-2019 10:29:22,-0.35673523,-0.6248932,9.42836,-0.00090554357,0.00014680624,0.0038194656,0.0,3
10-01-2019 10:29:22,-0.34117126,-0.6188965,9.415192,0.0013708472,-0.0015282035,-0.0027074814,0.0,3
10-01-2019 10:29:22,-0.3471527,-0.6260834,9.415192,-0.0038089752,0.0005196929,-0.00085639954,0.0,3
10-01-2019 10:29:22,-0.3435669,-0.63446045,9.44632,-0.0035105646,-0.00085508823,0.00094795227,0.0,3
10-01-2019 10:29:22,-0.34835815,-0.628479,9.430756,0.00214684,0.0008788705,0.0051345825,0.0,3
10-01-2019 10:29:22,-0.35075378,-0.64523315,9.424774,-0.0025663376,0.00034207106,-0.0042390823,0.0,3
10-01-2019 10:29:22,-0.33039856,-0.6368561,9.419983,-0.0020911396,0.0034258366,-0.0032949448,0.0,3
10-01-2019 10:29:22,-0.34477234,-0.6392517,9.419983,-0.0012148917,0.0010458827,0.0021390915,0.0,3
10-01-2019 10:29:22,-0.34596252,-0.65122986,9.42598,0.0028210282,0.0018923879,0.00034427643,0.0,3
10-01-2019 10:29:22,-0.3543396,-0.6248932,9.419983,-0.0007536411,-0.00019079447,0.00019073486,0.0,3
10-01-2019 10:29:22,-0.3471527,-0.60453796,9.42836,-0.0014899969,0.00048094988,-0.00019359589,0.0,3
10-01-2019 10:29:22,-0.34477234,-0.6296692,9.419983,-0.0020206273,-0.0008161664,-1.04904175e-05,0.0,3
10-01-2019 10:29:22,-0.34954834,-0.6404419,9.434357,-0.0018743277,-0.003133595,-0.0028972626,0.0,3
10-01-2019 10:29:23,-0.33638,-0.63327026,9.415192,0.0025332868,0.0012418628,0.0046195984,0.0,2
10-01-2019 10:29:23,-0.34596252,-0.63087463,9.430756,-0.0009751022,0.0008519292,-0.002357483,0.0,2
10-01-2019 10:29:23,-0.3471527,-0.63087463,9.431961,-0.0009407699,0.005208373,0.0012588501,0.0,2
10-01-2019 10:29:23,-0.34954834,-0.6320648,9.40921,-0.0026132762,0.0035375357,-0.0033903122,0.0,2
10-01-2019 10:29:23,-0.3435669,-0.6296692,9.418793,-0.003034383,0.003459692,-0.0042448044,0.0,2
10-01-2019 10:29:23,-0.33398438,-0.628479,9.415192,-0.0062102973,0.0045212507,-0.0001745224,0.0,2
10-01-2019 10:29:23,-0.34835815,-0.64164734,9.431961,-0.0020186603,0.005617738,-0.0019540787,0.0,2
10-01-2019 10:29:23,-0.35673523,-0.63087463,9.423584,-0.0050917566,-0.00060009956,-0.0061092377,0.0,2
10-01-2019 10:29:23,-0.3531494,-0.628479,9.411606,-0.004567176,0.004547477,-0.0030183792,0.0,2
10-01-2019 10:29:23,-0.3543396,-0.6380615,9.430756,-0.0039356947,0.005297005,-0.0038604736,0.0,2
10-01-2019 10:29:23,-0.3531494,-0.6464386,9.431961,-0.00078746676,0.0010450482,-0.0015029907,0.0,2
10-01-2019 10:29:23,-0.3531494,-0.6320648,9.417587,-0.0037164986,0.004877627,-0.0017194748,0.0,2
10-01-2019 10:29:23,-0.34835815,-0.63087463,9.423584,-0.0019553006,0.0042377114,0.0007390976,0.0,2
10-01-2019 10:29:23,-0.3435669,-0.6428375,9.441528,-0.00085255504,0.005417526,-0.0006580353,0.0,2
10-01-2019 10:29:23,-0.35075378,-0.6464386,9.42836,-0.0029108524,0.0036129355,0.00033473969,0.0,2
10-01-2019 10:29:23,-0.33877563,-0.6464386,9.418793,-0.004581243,0.006806731,-0.0019712448,0.0,2
10-01-2019 10:29:23,-0.34954834,-0.6404419,9.418793,-0.0059621036,0.00411433,-0.0008058548,0.0,2
10-01-2019 10:29:23,-0.34954834,-0.6260834,9.435547,-0.00063830614,0.0040149093,0.00084400177,0.0,2
10-01-2019 10:29:23,-0.3435669,-0.63327026,9.434357,0.00058725476,0.0044347644,-0.00083351135,0.0,2
10-01-2019 10:29:23,-0.32800293,-0.62727356,9.42717,0.00074747205,-0.0004531741,-0.0017433167,0.0,2
10-01-2019 10:29:23,-0.33998108,-0.63446045,9.424774,-0.0011956394,0.00032669306,0.0013275146,0.0,2
10-01-2019 10:29:23,-0.3543396,-0.63087463,9.4379425,-0.0029273033,-0.002128899,-0.0018377304,0.0,2
10-01-2019 10:29:23,-0.32681274,-0.64164734,9.442734,-0.0030592382,0.0045018196,0.00014209747,0.0,2
10-01-2019 10:29:23,-0.3435669,-0.6464386,9.44632,-0.00078731775,-0.0022824407,-0.001326561,0.0,2
10-01-2019 10:29:23,-0.34477234,-0.628479,9.451111,0.0013494194,-0.0023556948,-0.0015096664,0.0,2
10-01-2019 10:29:23,-0.35194397,-0.6428375,9.434357,-0.0015382469,0.004563749,-0.0011463165,0.0,2
10-01-2019 10:29:23,-0.3543396,-0.64164734,9.42717,-0.0016666949,0.0012906194,0.0014600754,0.0,2
10-01-2019 10:29:23,-0.3327942,-0.6320648,9.439133,-0.0009532571,-0.002162397,-5.6266785e-05,0.0,2
10-01-2019 10:29:23,-0.33998108,-0.64523315,9.442734,0.0005776584,0.0005392432,-0.0023727417,0.0,2
10-01-2019 10:29:23,-0.33398438,-0.64404297,9.439133,0.00096282363,-0.0020095706,0.003378868,0.0,2
10-01-2019 10:29:23,-0.33877563,-0.6320648,9.439133,-0.0021463335,0.0059021115,0.001709938,0.0,2
10-01-2019 10:29:23,-0.34954834,-0.63327026,9.430756,-5.6296587e-05,-0.003503263,-0.0031013489,0.0,2
10-01-2019 10:29:23,-0.34596252,-0.62727356,9.412811,-0.0018568933,-0.0017624497,0.0037584305,0.0,2
10-01-2019 10:29:23,-0.33998108,-0.6380615,9.42598,0.0008741319,0.00017601252,0.0009794235,0.0,2
10-01-2019 10:29:23,-0.33998108,-0.64404297,9.429565,0.00054481626,0.0032046437,-0.0010051727,0.0,2
10-01-2019 10:29:23,-0.3423767,-0.64523315,9.439133,0.0016711056,4.6908855e-05,-0.003373146,0.0,2
10-01-2019 10:29:23,-0.3543396,-0.6368561,9.436752,0.0016239583,0.00010031462,0.001036644,0.0,2
10-01-2019 10:29:23,-0.34835815,-0.6404419,9.42598,0.0010788143,0.0035822988,0.0009622574,0.0,2
10-01-2019 10:29:23,-0.34477234,-0.6380615,9.412811,-0.0010003448,-0.0016312003,-4.7683716e-06,0.0,2
10-01-2019 10:29:23,-0.3531494,-0.6380615,9.447525,0.0030137897,-0.0022027493,0.0011100769,0.0,2
10-01-2019 10:29:23,-0.3471527,-0.64164734,9.430756,-0.0026744902,-0.00048273802,0.0013027191,0.0,2
10-01-2019 10:29:23,-0.33758545,-0.6296692,9.42836,0.0014578402,0.0026724339,-0.0039987564,0.0,2
10-01-2019 10:29:23,-0.3471527,-0.63087463,9.42598,0.0051329136,0.0006196499,0.000910759,0.0,2
10-01-2019 10:29:23,-0.34835815,-0.62727356,9.424774,-0.00076913834,-8.779764e-05,-8.9645386e-05,0.0,2
10-01-2019 10:29:23,-0.3423767,-0.6428375,9.435547,0.0011730492,-0.00038081408,0.0012521744,0.0,2
10-01-2019 10:29:23,-0.331604,-0.64164734,9.433151,-0.0015799701,-0.0009778142,0.0069208145,0.0,2
10-01-2019 10:29:23,-0.34477234,-0.628479,9.4379425,-0.0005630255,0.0017445087,0.001414299,0.0,2
10-01-2019 10:29:23,-0.3471527,-0.6248932,9.42717,0.00080010295,-0.00186795,0.0062036514,0.0,2
10-01-2019 10:29:23,-0.33398438,-0.6296692,9.440338,-0.0027371347,0.001638174,0.0016183853,0.0,2
10-01-2019 10:29:23,-0.34596252,-0.63446045,9.423584,-0.0004949868,0.00032621622,-0.0027236938,0.0,2
10-01-2019 10:29:23,-0.34954834,-0.63446045,9.422379,-0.000102847815,0.00030702353,-0.0011930466,0.0,2
10-01-2019 10:29:23,-0.33638,-0.6404419,9.430756,0.00025457144,4.2915344e-05,0.005300522,0.0,2
10-01-2019 10:29:23,-0.34596252,-0.6320648,9.422379,-0.0027278364,-0.0034454465,0.0002450943,0.0,2
10-01-2019 10:29:23,-0.35794067,-0.6488342,9.433151,-0.0013822615,-0.0008689165,-0.001578331,0.0,2
10-01-2019 10:29:23,-0.33877563,-0.6296692,9.422379,-0.0025020838,0.0021765828,-0.0012693405,0.0,2
10-01-2019 10:29:23,-0.3435669,-0.6380615,9.431961,-0.0014436841,0.00015181303,-0.0013017654,0.0,2
10-01-2019 10:29:23,-0.34117126,-0.6368561,9.421188,0.0024023652,0.00058317184,-0.0030870438,0.0,2
10-01-2019 10:29:23,-0.33998108,-0.63087463,9.424774,0.0021690428,-0.0013455749,-0.001206398,0.0,2
10-01-2019 10:29:23,-0.34477234,-0.6188965,9.435547,0.0011208355,0.0007714629,-0.0018339157,0.0,2
10-01-2019 10:29:23,-0.34477234,-0.63087463,9.434357,-0.00083997846,0.0008556247,-0.000910759,0.0,2
10-01-2019 10:29:23,-0.3435669,-0.628479,9.435547,-0.0004976988,0.0039536357,-0.00011730194,0.0,2
10-01-2019 10:29:23,-0.34477234,-0.6248932,9.418793,0.002901882,0.00035989285,5.054474e-05,0.0,2
10-01-2019 10:29:23,-0.34954834,-0.6380615,9.412811,-0.0015843213,0.0012496114,0.0028791428,0.0,2
10-01-2019 10:29:23,-0.34835815,-0.6356659,9.429565,-0.0018576086,-0.0014964342,0.00061893463,0.0,2
10-01-2019 10:29:23,-0.33398438,-0.6500244,9.429565,-0.0007353425,-0.0016302466,-0.0051670074,0.0,2
10-01-2019 10:29:23,-0.34596252,-0.6296692,9.419983,-0.0015928447,-0.0033703446,0.0005378723,0.0,2
10-01-2019 10:29:23,-0.33758545,-0.628479,9.412811,-0.0029269457,-0.00054091215,-0.0003862381,0.0,2
10-01-2019 10:29:23,-0.33877563,-0.6404419,9.42836,-0.00045987964,-0.002047062,0.0018072128,0.0,2
10-01-2019 10:29:23,-0.35794067,-0.63327026,9.416397,0.0019657314,0.0005250573,-0.002398491,0.0,2
10-01-2019 10:29:23,-0.3471527,-0.63087463,9.418793,0.0005013943,0.0028792024,-0.0006170273,0.0,2
10-01-2019 10:29:23,-0.34835815,-0.6404419,9.423584,-0.0021885931,-0.0021480322,0.0011138916,0.0,2
10-01-2019 10:29:23,-0.35194397,-0.63087463,9.42836,0.0007458329,-0.00027430058,-0.0017127991,0.0,2
10-01-2019 10:29:23,-0.35554504,-0.6404419,9.44632,0.00040194392,0.0012372136,0.0029697418,0.0,2
10-01-2019 10:29:23,-0.35673523,-0.6248932,9.42836,-0.00090554357,0.00014680624,0.0038194656,0.0,2
10-01-2019 10:29:23,-0.34117126,-0.6188965,9.415192,0.0013708472,-0.0015282035,-0.0027074814,0.0,2
10-01-2019 10:29:23,-0.3471527,-0.6260834,9.415192,-0.0038089752,0.0005196929,-0.00085639954,0.0,2
10-01-2019 10:29:23,-0.3435669,-0.63446045,9.44632,-0.0035105646,-0.00085508823,0.00094795227,0.0,2
10-01-2019 10:29:23,-0.34835815,-0.628479,9.430756,0.00214684,0.0008788705,0.0051345825,0.0,2
10-01-2019 10:29:23,-0.35075378,-0.64523315,9.424774,-0.0025663376,0.00034207106,-0.0042390823,0.0,2
10-01-2019 10:29:23,-0.33039856,-0.6368561,9.419983,-0.0020911396,0.0034258366,-0.0032949448,0.0,2
10-01-2019 10:29:23,-0.34477234,-0.6392517,9.419983,-0.0012148917,0.0010458827,0.0021390915,0.0,2
10-01-2019 10:29:23,-0.34596252,-0.65122986,9.42598,0.0028210282,0.0018923879,0.00034427643,0.0,2
10-01-2019 10:29:23,-0.3543396,-0.6248932,9.419983,-0.0007536411,-0.00019079447,0.00019073486,0.0,2
10-01-2019 10:29:23,-0.3471527,-0.60453796,9.42836,-0.0014899969,0.00048094988,-0.00019359589,0.0,2
10-01-2019 10:29:23,-0.34477234,-0.6296692,9.419983,-0.0020206273,-0.0008161664,-1.04904175e-05,0.0,2
10-01-2019 10:29:23,-0.34954834,-0.6404419,9.434357,-0.0018743277,-0.003133595,-0.0028972626,0.0,2
10-01-2019 10:29:23,-0.3543396,-0.62727356,9.434357,-5.5611134e-05,-0.00046640635,0.00013446808,0.0,2
10-01-2019 10:29:23,-0.34117126,-0.62249756,9.416397,0.00086417794,-0.00052660704,-0.003455162,0.0,2
10-01-2019 10:29:23,-0.3423767,-0.62368774,9.429565,-0.00048080087,-0.002347529,0.0030069351,0.0,2
10-01-2019 10:29:23,-0.3543396,-0.63446045,9.422379,0,0,0,0.0,2
10-01-2019 10:29:23,-0.33638,-0.63327026,9.415192,0.0025332868,0.0012418628,0.0046195984,0.0,2
10-01-2019 10:29:23,-0.34596252,-0.63087463,9.430756,-0.0009751022,0.0008519292,-0.002357483,0.0,2
10-01-2019 10:29:23,-0.3471527,-0.63087463,9.431961,-0.0009407699,0.005208373,0.0012588501,0.0,2
10-01-2019 10:29:23,-0.34954834,-0.6320648,9.40921,-0.0026132762,0.0035375357,-0.0033903122,0.0,2
10-01-2019 10:29:23,-0.3435669,-0.6296692,9.418793,-0.003034383,0.003459692,-0.0042448044,0.0,2
10-01-2019 10:29:23,-0.33398438,-0.628479,9.415192,-0.0062102973,0.0045212507,-0.0001745224,0.0,2
10-01-2019 10:29:23,-0.34835815,-0.64164734,9.431961,-0.0020186603,0.005617738,-0.0019540787,0.0,2
10-01-2019 10:29:23,-0.35673523,-0.63087463,9.423584,-0.0050917566,-0.00060009956,-0.0061092377,0.0,2
10-01-2019 10:29:23,-0.3531494,-0.628479,9.411606,-0.004567176,0.004547477,-0.0030183792,0.0,2
10-01-2019 10:29:23,-0.3543396,-0.6380615,9.430756,-0.0039356947,0.005297005,-0.0038604736,0.0,2
10-01-2019 10:29:23,-0.3531494,-0.6464386,9.431961,-0.00078746676,0.0010450482,-0.0015029907,0.0,2
10-01-2019 10:29:23,-0.3531494,-0.6320648,9.417587,-0.0037164986,0.004877627,-0.0017194748,0.0,2
10-01-2019 10:29:23,-0.34835815,-0.63087463,9.423584,-0.0019553006,0.0042377114,0.0007390976,0.0,2
10-01-2019 10:29:23,-0.3435669,-0.6428375,9.441528,-0.00085255504,0.005417526,-0.0006580353,0.0,2
10-01-2019 10:29:23,-0.35075378,-0.6464386,9.42836,-0.0029108524,0.0036129355,0.00033473969,0.0,2
10-01-2019 10:29:23,-0.33877563,-0.6464386,9.418793,-0.004581243,0.006806731,-0.0019712448,0.0,2
10-01-2019 10:29:23,-0.34954834,-0.6404419,9.418793,-0.0059621036,0.00411433,-0.0008058548,0.0,2
10-01-2019 10:29:23,-0.34954834,-0.6260834,9.435547,-0.00063830614,0.0040149093,0.00084400177,0.0,2
10-01-2019 10:29:23,-0.3435669,-0.63327026,9.434357,0.00058725476,0.0044347644,-0.00083351135,0.0,2
10-01-2019 10:29:23,-0.32800293,-0.62727356,9.42717,0.00074747205,-0.0004531741,-0.0017433167,0.0,2
10-01-2019 10:29:23,-0.33998108,-0.63446045,9.424774,-0.0011956394,0.00032669306,0.0013275146,0.0,2
10-01-2019 10:29:23,-0.3543396,-0.63087463,9.4379425,-0.0029273033,-0.002128899,-0.0018377304,0.0,2
10-01-2019 10:29:23,-0.32681274,-0.64164734,9.442734,-0.0030592382,0.0045018196,0.00014209747,0.0,2
10-01-2019 10:29:23,-0.3435669,-0.6464386,9.44632,-0.00078731775,-0.0022824407,-0.001326561,0.0,2
10-01-2019 10:29:23,-0.34477234,-0.628479,9.451111,0.0013494194,-0.0023556948,-0.0015096664,0.0,2
10-01-2019 10:29:23,-0.35194397,-0.6428375,9.434357,-0.0015382469,0.004563749,-0.0011463165,0.0,2
10-01-2019 10:29:23,-0.3543396,-0.64164734,9.42717,-0.0016666949,0.0012906194,0.0014600754,0.0,2
10-01-2019 10:29:23,-0.3327942,-0.6320648,9.439133,-0.0009532571,-0.002162397,-5.6266785e-05,0.0,2
10-01-2019 10:29:23,-0.33998108,-0.64523315,9.442734,0.0005776584,0.0005392432,-0.0023727417,0.0,2
10-01-2019 10:29:23,-0.33398438,-0.64404297,9.439133,0.00096282363,-0.0020095706,0.003378868,0.0,2
10-01-2019 10:29:23,-0.33877563,-0.6320648,9.439133,-0.0021463335,0.0059021115,0.001709938,0.0,2
10-01-2019 10:29:23,-0.34954834,-0.63327026,9.430756,-5.6296587e-05,-0.003503263,-0.0031013489,0.0,2
10-01-2019 10:29:23,-0.34596252,-0.62727356,9.412811,-0.0018568933,-0.0017624497,0.0037584305,0.0,2
10-01-2019 10:29:23,-0.33998108,-0.6380615,9.42598,0.0008741319,0.00017601252,0.0009794235,0.0,2
10-01-2019 10:29:23,-0.33998108,-0.64404297,9.429565,0.00054481626,0.0032046437,-0.0010051727,0.0,2
10-01-2019 10:29:23,-0.3423767,-0.64523315,9.439133,0.0016711056,4.6908855e-05,-0.003373146,0.0,2
10-01-2019 10:29:23,-0.3543396,-0.6368561,9.436752,0.0016239583,0.00010031462,0.001036644,0.0,2
10-01-2019 10:29:23,-0.34835815,-0.6404419,9.42598,0.0010788143,0.0035822988,0.0009622574,0.0,2
10-01-2019 10:29:23,-0.34477234,-0.6380615,9.412811,-0.0010003448,-0.0016312003,-4.7683716e-06,0.0,2
10-01-2019 10:29:23,-0.3531494,-0.6380615,9.447525,0.0030137897,-0.0022027493,0.0011100769,0.0,2
10-01-2019 10:29:23,-0.3471527,-0.64164734,9.430756,-0.0026744902,-0.00048273802,0.0013027191,0.0,2
10-01-2019 10:29:23,-0.33758545,-0.6296692,9.42836,0.0014578402,0.0026724339,-0.0039987564,0.0,2
10-01-2019 10:29:23,-0.3471527,-0.63087463,9.42598,0.0051329136,0.0006196499,0.000910759,0.0,2
10-01-2019 10:29:23,-0.34835815,-0.62727356,9.424774,-0.00076913834,-8.779764e-05,-8.9645386e-05,0.0,2
10-01-2019 10:29:23,-0.3423767,-0.6428375,9.435547,0.0011730492,-0.00038081408,0.0012521744,0.0,2
10-01-2019 10:29:23,-0.331604,-0.64164734,9.433151,-0.0015799701,-0.0009778142,0.0069208145,0.0,2
10-01-2019 10:29:23,-0.34477234,-0.628479,9.4379425,-0.0005630255,0.0017445087,0.001414299,0.0,2
10-01-2019 10:29:23,-0.3471527,-0.6248932,9.42717,0.00080010295,-0.00186795,0.0062036514,0.0,2
10-01-2019 10:29:23,-0.33398438,-0.6296692,9.440338,-0.0027371347,0.001638174,0.0016183853,0.0,2
10-01-2019 10:29:23,-0.34596252,-0.63446045,9.423584,-0.0004949868,0.00032621622,-0.0027236938,0.0,2
10-01-2019 10:29:23,-0.34954834,-0.63446045,9.422379,-0.000102847815,0.00030702353,-0.0011930466,0.0,2
10-01-2019 10:29:23,-0.33638,-0.6404419,9.430756,0.00025457144,4.2915344e-05,0.005300522,0.0,2
10-01-2019 10:29:23,-0.34596252,-0.6320648,9.422379,-0.0027278364,-0.0034454465,0.0002450943,0.0,2
10-01-2019 10:29:23,-0.35794067,-0.6488342,9.433151,-0.0013822615,-0.0008689165,-0.001578331,0.0,2
10-01-2019 10:29:23,-0.33877563,-0.6296692,9.422379,-0.0025020838,0.0021765828,-0.0012693405,0.0,2
10-01-2019 10:29:23,-0.3435669,-0.6380615,9.431961,-0.0014436841,0.00015181303,-0.0013017654,0.0,2
10-01-2019 10:29:23,-0.34117126,-0.6368561,9.421188,0.0024023652,0.00058317184,-0.0030870438,0.0,2
10-01-2019 10:29:23,-0.33998108,-0.63087463,9.424774,0.0021690428,-0.0013455749,-0.001206398,0.0,2
10-01-2019 10:29:23,-0.34477234,-0.6188965,9.435547,0.0011208355,0.0007714629,-0.0018339157,0.0,2
10-01-2019 10:29:23,-0.34477234,-0.63087463,9.434357,-0.00083997846,0.0008556247,-0.000910759,0.0,2
10-01-2019 10:29:23,-0.3435669,-0.628479,9.435547,-0.0004976988,0.0039536357,-0.00011730194,0.0,2
10-01-2019 10:29:23,-0.34477234,-0.6248932,9.418793,0.002901882,0.00035989285,5.054474e-05,0.0,2
10-01-2019 10:29:23,-0.34954834,-0.6380615,9.412811,-0.0015843213,0.0012496114,0.0028791428,0.0,2
10-01-2019 10:29:23,-0.34835815,-0.6356659,9.429565,-0.0018576086,-0.0014964342,0.00061893463,0.0,2
10-01-2019 10:29:23,-0.33398438,-0.6500244,9.429565,-0.0007353425,-0.0016302466,-0.0051670074,0.0,2
10-01-2019 10:29:23,-0.34596252,-0.6296692,9.419983,-0.0015928447,-0.0033703446,0.0005378723,0.0,2
10-01-2019 10:29:23,-0.33758545,-0.628479,9.412811,-0.0029269457,-0.00054091215,-0.0003862381,0.0,2
10-01-2019 10:29:23,-0.33877563,-0.6404419,9.42836,-0.00045987964,-0.002047062,0.0018072128,0.0,2
10-01-2019 10:29:23,-0.35794067,-0.63327026,9.416397,0.0019657314,0.0005250573,-0.002398491,0.0,2
10-01-2019 10:29:23,-0.3471527,-0.63087463,9.418793,0.0005013943,0.0028792024,-0.0006170273,0.0,2
10-01-2019 10:29:23,-0.34835815,-0.6404419,9.423584,-0.0021885931,-0.0021480322,0.0011138916,0.0,2
10-01-2019 10:29:23,-0.35194397,-0.63087463,9.42836,0.0007458329,-0.00027430058,-0.0017127991,0.0,2
10-01-2019 10:29:23,-0.35554504,-0.6404419,9.44632,0.00040194392,0.0012372136,0.0029697418,0.0,2
10-01-2019 10:29:23,-0.35673523,-0.6248932,9.42836,-0.00090554357,0.00014680624,0.0038194656,0.0,2
10-01-2019 10:29:23,-0.34117126,-0.6188965,9.415192,0.0013708472,-0.0015282035,-0.0027074814,0.0,2
10-01-2019 10:29:23,-0.3471527,-0.6260834,9.415192,-0.0038089752,0.0005196929,-0.00085639954,0.0,2
10-01-2019 10:29:23,-0.3435669,-0.63446045,9.44632,-0.0035105646,-0.00085508823,0.00094795227,0.0,2
10-01-2019 10:29:23,-0.34835815,-0.628479,9.430756,0.00214684,0.0008788705,0.0051345825,0.0,2
10-01-2019 10:29:23,-0.35075378,-0.64523315,9.424774,-0.0025663376,0.00034207106,-0.0042390823,0.0,2
10-01-2019 10:29:23,-0.33039856,-0.6368561,9.419983,-0.0020911396,0.0034258366,-0.0032949448,0.0,2
10-01-2019 10:29:23,-0.34477234,-0.6392517,9.419983,-0.0012148917,0.0010458827,0.0021390915,0.0,2
10-01-2019 10:29:23,-0.34596252,-0.65122986,9.42598,0.0028210282,0.0018923879,0.00034427643,0.0,2
10-01-2019 10:29:23,-0.3543396,-0.6248932,9.419983,-0.0007536411,-0.00019079447,0.00019073486,0.0,2
10-01-2019 10:29:23,-0.3471527,-0.60453796,9.42836,-0.0014899969,0.00048094988,-0.00019359589,0.0,2
10-01-2019 10:29:23,-0.34477234,-0.6296692,9.419983,-0.0020206273,-0.0008161664,-1.04904175e-05,0.0,2
10-01-2019 10:29:23,-0.34954834,-0.6404419,9.434357,-0.0018743277,-0.003133595,-0.0028972626,0.0,2
10-01-2019 10:29:23,-0.3543396,-0.62727356,9.434357,-5.5611134e-05,-0.00046640635,0.00013446808,0.0,2
10-01-2019 10:29:23,-0.34117126,-0.62249756,9.416397,0.00086417794,-0.00052660704,-0.003455162,0.0,2
10-01-2019 10:29:23,-0.3423767,-0.62368774,9.429565,-0.00048080087,-0.002347529,0.0030069351,0.0,2
10-01-2019 10:29:23,-0.35194397,-0.6260834,9.429565,0.0022296011,0.00026905537,-0.0013208389,0.0,2
10-01-2019 10:29:23,-0.36271667,-0.6404419,9.405624,0.00010493398,0.0019478202,-0.0025491714,0.0,2
10-01-2019 10:29:24,-0.33638,-0.63327026,9.415192,0.0025332868,0.0012418628,0.0046195984,0.0,3
10-01-2019 10:29:24,-0.34596252,-0.63087463,9.430756,-0.0009751022,0.0008519292,-0.002357483,0.0,3
10-01-2019 10:29:24,-0.3471527,-0.63087463,9.431961,-0.0009407699,0.005208373,0.0012588501,0.0,3
10-01-2019 10:29:24,-0.34954834,-0.6320648,9.40921,-0.0026132762,0.0035375357,-0.0033903122,0.0,3
10-01-2019 10:29:24,-0.3435669,-0.6296692,9.418793,-0.003034383,0.003459692,-0.0042448044,0.0,3
10-01-2019 10:29:24,-0.33398438,-0.628479,9.415192,-0.0062102973,0.0045212507,-0.0001745224,0.0,3
10-01-2019 10:29:24,-0.34835815,-0.64164734,9.431961,-0.0020186603,0.005617738,-0.0019540787,0.0,3
10-01-2019 10:29:24,-0.35673523,-0.63087463,9.423584,-0.0050917566,-0.00060009956,-0.0061092377,0.0,3
10-01-2019 10:29:24,-0.3531494,-0.628479,9.411606,-0.004567176,0.004547477,-0.0030183792,0.0,3
10-01-2019 10:29:24,-0.3543396,-0.6380615,9.430756,-0.0039356947,0.005297005,-0.0038604736,0.0,3
10-01-2019 10:29:24,-0.3531494,-0.6464386,9.431961,-0.00078746676,0.0010450482,-0.0015029907,0.0,3
10-01-2019 10:29:24,-0.3531494,-0.6320648,9.417587,-0.0037164986,0.004877627,-0.0017194748,0.0,3
10-01-2019 10:29:24,-0.34835815,-0.63087463,9.423584,-0.0019553006,0.0042377114,0.0007390976,0.0,3
10-01-2019 10:29:24,-0.3435669,-0.6428375,9.441528,-0.00085255504,0.005417526,-0.0006580353,0.0,3
10-01-2019 10:29:24,-0.35075378,-0.6464386,9.42836,-0.0029108524,0.0036129355,0.00033473969,0.0,3
10-01-2019 10:29:24,-0.33877563,-0.6464386,9.418793,-0.004581243,0.006806731,-0.0019712448,0.0,3
10-01-2019 10:29:24,-0.34954834,-0.6404419,9.418793,-0.0059621036,0.00411433,-0.0008058548,0.0,3
10-01-2019 10:29:24,-0.34954834,-0.6260834,9.435547,-0.00063830614,0.0040149093,0.00084400177,0.0,3
10-01-2019 10:29:24,-0.3435669,-0.63327026,9.434357,0.00058725476,0.0044347644,-0.00083351135,0.0,3
10-01-2019 10:29:24,-0.32800293,-0.62727356,9.42717,0.00074747205,-0.0004531741,-0.0017433167,0.0,3
10-01-2019 10:29:24,-0.33998108,-0.63446045,9.424774,-0.0011956394,0.00032669306,0.0013275146,0.0,3
10-01-2019 10:29:24,-0.3543396,-0.63087463,9.4379425,-0.0029273033,-0.002128899,-0.0018377304,0.0,3
10-01-2019 10:29:24,-0.32681274,-0.64164734,9.442734,-0.0030592382,0.0045018196,0.00014209747,0.0,3
10-01-2019 10:29:24,-0.3435669,-0.6464386,9.44632,-0.00078731775,-0.0022824407,-0.001326561,0.0,3
10-01-2019 10:29:24,-0.34477234,-0.628479,9.451111,0.0013494194,-0.0023556948,-0.0015096664,0.0,3
10-01-2019 10:29:24,-0.35194397,-0.6428375,9.434357,-0.0015382469,0.004563749,-0.0011463165,0.0,3
10-01-2019 10:29:24,-0.3543396,-0.64164734,9.42717,-0.0016666949,0.0012906194,0.0014600754,0.0,3
10-01-2019 10:29:24,-0.3327942,-0.6320648,9.439133,-0.0009532571,-0.002162397,-5.6266785e-05,0.0,3
10-01-2019 10:29:24,-0.33998108,-0.64523315,9.442734,0.0005776584,0.0005392432,-0.0023727417,0.0,3
10-01-2019 10:29:24,-0.33398438,-0.64404297,9.439133,0.00096282363,-0.0020095706,0.003378868,0.0,3
10-01-2019 10:29:24,-0.33877563,-0.6320648,9.439133,-0.0021463335,0.0059021115,0.001709938,0.0,3
10-01-2019 10:29:24,-0.34954834,-0.63327026,9.430756,-5.6296587e-05,-0.003503263,-0.0031013489,0.0,3
10-01-2019 10:29:24,-0.34596252,-0.62727356,9.412811,-0.0018568933,-0.0017624497,0.0037584305,0.0,3
10-01-2019 10:29:24,-0.33998108,-0.6380615,9.42598,0.0008741319,0.00017601252,0.0009794235,0.0,3
10-01-2019 10:29:24,-0.33998108,-0.64404297,9.429565,0.00054481626,0.0032046437,-0.0010051727,0.0,3
10-01-2019 10:29:24,-0.3423767,-0.64523315,9.439133,0.0016711056,4.6908855e-05,-0.003373146,0.0,3
10-01-2019 10:29:24,-0.3543396,-0.6368561,9.436752,0.0016239583,0.00010031462,0.001036644,0.0,3
10-01-2019 10:29:24,-0.34835815,-0.6404419,9.42598,0.0010788143,0.0035822988,0.0009622574,0.0,3
10-01-2019 10:29:24,-0.34477234,-0.6380615,9.412811,-0.0010003448,-0.0016312003,-4.7683716e-06,0.0,3
10-01-2019 10:29:24,-0.3531494,-0.6380615,9.447525,0.0030137897,-0.0022027493,0.0011100769,0.0,3
10-01-2019 10:29:24,-0.3471527,-0.64164734,9.430756,-0.0026744902,-0.00048273802,0.0013027191,0.0,3
10-01-2019 10:29:24,-0.33758545,-0.6296692,9.42836,0.0014578402,0.0026724339,-0.0039987564,0.0,3
10-01-2019 10:29:24,-0.3471527,-0.63087463,9.42598,0.0051329136,0.0006196499,0.000910759,0.0,3
10-01-2019 10:29:24,-0.34835815,-0.62727356,9.424774,-0.00076913834,-8.779764e-05,-8.9645386e-05,0.0,3
10-01-2019 10:29:24,-0.3423767,-0.6428375,9.435547,0.0011730492,-0.00038081408,0.0012521744,0.0,3
10-01-2019 10:29:24,-0.331604,-0.64164734,9.433151,-0.0015799701,-0.0009778142,0.0069208145,0.0,3
10-01-2019 10:29:24,-0.34477234,-0.628479,9.4379425,-0.0005630255,0.0017445087,0.001414299,0.0,3
10-01-2019 10:29:24,-0.3471527,-0.6248932,9.42717,0.00080010295,-0.00186795,0.0062036514,0.0,3
10-01-2019 10:29:24,-0.33398438,-0.6296692,9.440338,-0.0027371347,0.001638174,0.0016183853,0.0,3
10-01-2019 10:29:24,-0.34596252,-0.63446045,9.423584,-0.0004949868,0.00032621622,-0.0027236938,0.0,3
10-01-2019 10:29:24,-0.34954834,-0.63446045,9.422379,-0.000102847815,0.00030702353,-0.0011930466,0.0,3
10-01-2019 10:29:24,-0.33638,-0.6404419,9.430756,0.00025457144,4.2915344e-05,0.005300522,0.0,3
10-01-2019 10:29:24,-0.34596252,-0.6320648,9.422379,-0.0027278364,-0.0034454465,0.0002450943,0.0,3
10-01-2019 10:29:24,-0.35794067,-0.6488342,9.433151,-0.0013822615,-0.0008689165,-0.001578331,0.0,3
10-01-2019 10:29:24,-0.33877563,-0.6296692,9.422379,-0.0025020838,0.0021765828,-0.0012693405,0.0,3
10-01-2019 10:29:24,-0.3435669,-0.6380615,9.431961,-0.0014436841,0.00015181303,-0.0013017654,0.0,3
10-01-2019 10:29:24,-0.34117126,-0.6368561,9.421188,0.0024023652,0.00058317184,-0.0030870438,0.0,3
10-01-2019 10:29:24,-0.33998108,-0.63087463,9.424774,0.0021690428,-0.0013455749,-0.001206398,0.0,3
10-01-2019 10:29:24,-0.34477234,-0.6188965,9.435547,0.0011208355,0.0007714629,-0.0018339157,0.0,3
10-01-2019 10:29:24,-0.34477234,-0.63087463,9.434357,-0.00083997846,0.0008556247,-0.000910759,0.0,3
10-01-2019 10:29:24,-0.3435669,-0.628479,9.435547,-0.0004976988,0.0039536357,-0.00011730194,0.0,3
10-01-2019 10:29:24,-0.34477234,-0.6248932,9.418793,0.002901882,0.00035989285,5.054474e-05,0.0,3
10-01-2019 10:29:24,-0.34954834,-0.6380615,9.412811,-0.0015843213,0.0012496114,0.0028791428,0.0,3
10-01-2019 10:29:24,-0.34835815,-0.6356659,9.429565,-0.0018576086,-0.0014964342,0.00061893463,0.0,3
10-01-2019 10:29:24,-0.33398438,-0.6500244,9.429565,-0.0007353425,-0.0016302466,-0.0051670074,0.0,3
10-01-2019 10:29:24,-0.34596252,-0.6296692,9.419983,-0.0015928447,-0.0033703446,0.0005378723,0.0,3
10-01-2019 10:29:24,-0.33758545,-0.628479,9.412811,-0.0029269457,-0.00054091215,-0.0003862381,0.0,3
10-01-2019 10:29:24,-0.33877563,-0.6404419,9.42836,-0.00045987964,-0.002047062,0.0018072128,0.0,3
10-01-2019 10:29:24,-0.35794067,-0.63327026,9.416397,0.0019657314,0.0005250573,-0.002398491,0.0,3
10-01-2019 10:29:24,-0.3471527,-0.63087463,9.418793,0.0005013943,0.0028792024,-0.0006170273,0.0,3
10-01-2019 10:29:24,-0.34835815,-0.6404419,9.423584,-0.0021885931,-0.0021480322,0.0011138916,0.0,3
10-01-2019 10:29:24,-0.35194397,-0.63087463,9.42836,0.0007458329,-0.00027430058,-0.0017127991,0.0,3
10-01-2019 10:29:24,-0.35554504,-0.6404419,9.44632,0.00040194392,0.0012372136,0.0029697418,0.0,3
10-01-2019 10:29:24,-0.35673523,-0.6248932,9.42836,-0.00090554357,0.00014680624,0.0038194656,0.0,3
10-01-2019 10:29:24,-0.34117126,-0.6188965,9.415192,0.0013708472,-0.0015282035,-0.0027074814,0.0,3
10-01-2019 10:29:24,-0.3471527,-0.6260834,9.415192,-0.0038089752,0.0005196929,-0.00085639954,0.0,3
10-01-2019 10:29:24,-0.3435669,-0.63446045,9.44632,-0.0035105646,-0.00085508823,0.00094795227,0.0,3
10-01-2019 10:29:24,-0.34835815,-0.628479,9.430756,0.00214684,0.0008788705,0.0051345825,0.0,3
10-01-2019 10:29:24,-0.35075378,-0.64523315,9.424774,-0.0025663376,0.00034207106,-0.0042390823,0.0,3
10-01-2019 10:29:24,-0.33039856,-0.6368561,9.419983,-0.0020911396,0.0034258366,-0.0032949448,0.0,3
10-01-2019 10:29:24,-0.34477234,-0.6392517,9.419983,-0.0012148917,0.0010458827,0.0021390915,0.0,3
10-01-2019 10:29:24,-0.34596252,-0.65122986,9.42598,0.0028210282,0.0018923879,0.00034427643,0.0,3
10-01-2019 10:29:24,-0.3543396,-0.6248932,9.419983,-0.0007536411,-0.00019079447,0.00019073486,0.0,3
10-01-2019 10:29:24,-0.3471527,-0.60453796,9.42836,-0.0014899969,0.00048094988,-0.00019359589,0.0,3
10-01-2019 10:29:24,-0.34477234,-0.6296692,9.419983,-0.0020206273,-0.0008161664,-1.04904175e-05,0.0,3
10-01-2019 10:29:24,-0.34954834,-0.6404419,9.434357,-0.0018743277,-0.003133595,-0.0028972626,0.0,3
10-01-2019 10:29:24,-0.3543396,-0.62727356,9.434357,-5.5611134e-05,-0.00046640635,0.00013446808,0.0,3
10-01-2019 10:29:24,-0.34117126,-0.62249756,9.416397,0.00086417794,-0.00052660704,-0.003455162,0.0,3
10-01-2019 10:29:24,-0.3423767,-0.62368774,9.429565,-0.00048080087,-0.002347529,0.0030069351,0.0,3
10-01-2019 10:29:24,-0.35194397,-0.6260834,9.429565,0.0022296011,0.00026905537,-0.0013208389,0.0,3
10-01-2019 10:29:24,-0.36271667,-0.6404419,9.405624,0.00010493398,0.0019478202,-0.0025491714,0.0,3
10-01-2019 10:29:24,-0.3435669,-0.6260834,9.417587,0.00015029311,-0.00044685602,0.0023937225,0.0,3
10-01-2019 10:29:24,-0.34596252,-0.63446045,9.422379,0.00016224384,0.0009160638,-0.0031003952,0.0,3
10-01-2019 10:29:24,-0.35075378,-0.63327026,9.40802,-0.00012096763,-0.0009357333,-0.0010509491,0.0,3
