10-08-2019 00:15:21,-0.59077454,0.13168335,9.383484,0.0002566576,-0.0029943585,0.001490593,0.0,3
10-08-2019 00:15:21,-0.59017944,0.13348389,9.380493,0.0027646422,-0.0011510998,0.0073900223,0.0,3
10-08-2019 00:15:21,-0.5817871,0.12988281,9.385269,-0.005039811,-0.00114429,0.0050764084,0.0,3
10-08-2019 00:15:21,-0.588974,0.13227844,9.39006,-0.006572962,-0.0039901882,0.0077590942,0.0,3
10-08-2019 00:15:21,-0.588974,0.1328888,9.389465,-0.002142787,0.00069499016,0.00675869,0.0,3
10-08-2019 00:15:21,-0.5919647,0.126297,9.393646,0.00036984682,0.00049611926,0.0033330917,0.0,3
10-08-2019 00:15:21,-0.5985565,0.13227844,9.395447,-0.017454565,0.003404051,0.00012111664,0.0,3
10-08-2019 00:15:21,-0.5871887,0.13227844,9.399033,0.0031680465,-0.0016010255,-0.011021614,0.0,3
10-08-2019 00:15:21,-0.5961609,0.13827515,9.399048,0.0012244582,2.4154782e-05,0.00051498413,0.0,3
10-08-2019 00:15:21,-0.5913696,0.13768005,9.405624,0.004520595,-0.0018437654,0.0035362244,0.0,3
10-08-2019 00:15:21,-0.5560608,0.13467407,9.39006,0.0017296076,-0.004530385,-0.005291939,0.0,3
10-08-2019 00:15:21,-0.5315094,0.12689209,9.38707,-0.0027092695,-0.0008764118,0.00034618378,0.0,3
10-08-2019 00:15:21,-0.5303192,0.13108826,9.396042,0.0043050647,-0.001872763,-0.0021743774,0.0,3
10-08-2019 00:15:21,-0.5303192,0.12928772,9.390671,0.005106628,-0.0044793636,-0.002278328,0.0,3
10-08-2019 00:15:21,-0.52493286,0.12271118,9.391251,0.0028091073,0.0007926971,-0.0027227402,0.0,3
10-08-2019 00:15:21,-0.5297241,0.12750244,9.394257,0.0016437769,0.0030123442,-0.002202034,0.0,3
10-08-2019 00:15:21,-0.5303192,0.12510681,9.391266,-0.0005738735,0.00042136014,-0.0026569366,0.0,3
10-08-2019 00:15:21,-0.517746,0.12390137,9.386475,0.00066798925,-0.0017513037,-0.005373955,0.0,3
10-08-2019 00:15:21,-0.5171509,0.123306274,9.388275,0.0067626834,-0.0033402592,0.0028038025,0.0,3
10-08-2019 00:15:21,-0.5165558,0.13049316,9.385269,0.0023126006,0.00072939694,0.0034971237,0.0,3
10-08-2019 00:15:21,-0.5189514,0.12390137,9.382889,0.0011388063,-0.0011773556,0.0019845963,0.0,3
10-08-2019 00:15:21,-0.5171509,0.13467407,9.38707,-0.00397557,0.00037403405,0.002907753,0.0,3
10-08-2019 00:15:21,-0.52253723,0.12869263,9.378693,-0.0012509227,-0.0036475807,-0.0016317368,0.0,3
10-08-2019 00:15:21,-0.51475525,0.12510681,9.381683,-0.00032281876,0.0013982803,-0.0030946732,0.0,3
10-08-2019 00:15:21,-0.5075836,0.123306274,9.385269,-0.0028094053,-0.0029613674,0.00072193146,0.0,3
10-08-2019 00:15:21,-0.5117645,0.12748718,9.382889,-0.00048148632,-0.0033434182,0.0012760162,0.0,3
10-08-2019 00:15:21,-0.5171509,0.12748718,9.391251,-0.0026615262,-0.0018414259,0.00082206726,0.0,3
10-08-2019 00:15:21,-0.5159607,0.12988281,9.39006,0.00034332275,8.948147e-05,-0.00068187714,0.0,3
10-08-2019 00:15:25,-0.59017944,0.13348389,9.380493,0.0027646422,-0.0011510998,0.0073900223,0.0,3
10-08-2019 00:15:25,-0.5817871,0.12988281,9.385269,-0.005039811,-0.00114429,0.0050764084,0.0,3
10-08-2019 00:15:25,-0.588974,0.13227844,9.39006,-0.006572962,-0.0039901882,0.0077590942,0.0,3
10-08-2019 00:15:25,-0.588974,0.1328888,9.389465,-0.002142787,0.00069499016,0.00675869,0.0,3
10-08-2019 00:15:25,-0.5919647,0.126297,9.393646,0.00036984682,0.00049611926,0.0033330917,0.0,3
10-08-2019 00:15:25,-0.5985565,0.13227844,9.395447,-0.017454565,0.003404051,0.00012111664,0.0,3
10-08-2019 00:15:25,-0.5871887,0.13227844,9.399033,0.0031680465,-0.0016010255,-0.011021614,0.0,3
10-08-2019 00:15:25,-0.5961609,0.13827515,9.399048,0.0012244582,2.4154782e-05,0.00051498413,0.0,3
10-08-2019 00:15:25,-0.5913696,0.13768005,9.405624,0.004520595,-0.0018437654,0.0035362244,0.0,3
10-08-2019 00:15:25,-0.5560608,0.13467407,9.39006,0.0017296076,-0.004530385,-0.005291939,0.0,3
10-08-2019 00:15:25,-0.5315094,0.12689209,9.38707,-0.0027092695,-0.0008764118,0.00034618378,0.0,3
10-08-2019 00:15:25,-0.5303192,0.13108826,9.396042,0.0043050647,-0.001872763,-0.0021743774,0.0,3
10-08-2019 00:15:25,-0.5303192,0.12928772,9.390671,0.005106628,-0.0044793636,-0.002278328,0.0,3
10-08-2019 00:15:25,-0.52493286,0.12271118,9.391251,0.0028091073,0.0007926971,-0.0027227402,0.0,3
10-08-2019 00:15:25,-0.5297241,0.12750244,9.394257,0.0016437769,0.0030123442,-0.002202034,0.0,3
10-08-2019 00:15:25,-0.5303192,0.12510681,9.391266,-0.0005738735,0.00042136014,-0.0026569366,0.0,3
10-08-2019 00:15:25,-0.517746,0.12390137,9.386475,0.00066798925,-0.0017513037,-0.005373955,0.0,3
10-08-2019 00:15:25,-0.5171509,0.123306274,9.388275,0.0067626834,-0.0033402592,0.0028038025,0.0,3
10-08-2019 00:15:25,-0.5165558,0.13049316,9.385269,0.0023126006,0.00072939694,0.0034971237,0.0,3
10-08-2019 00:15:25,-0.5189514,0.12390137,9.382889,0.0011388063,-0.0011773556,0.0019845963,0.0,3
10-08-2019 00:15:25,-0.5171509,0.13467407,9.38707,-0.00397557,0.00037403405,0.002907753,0.0,3
10-08-2019 00:15:25,-0.52253723,0.12869263,9.378693,-0.0012509227,-0.0036475807,-0.0016317368,0.0,3
10-08-2019 00:15:25,-0.51475525,0.12510681,9.381683,-0.00032281876,0.0013982803,-0.0030946732,0.0,3
10-08-2019 00:15:25,-0.5075836,0.123306274,9.385269,-0.0028094053,-0.0029613674,0.00072193146,0.0,3
10-08-2019 00:15:25,-0.5117645,0.12748718,9.382889,-0.00048148632,-0.0033434182,0.0012760162,0.0,3
10-08-2019 00:15:25,-0.5171509,0.12748718,9.391251,-0.0026615262,-0.0018414259,0.00082206726,0.0,3
10-08-2019 00:15:25,-0.5159607,0.12988281,9.39006,0.00034332275,8.948147e-05,-0.00068187714,0.0,3
10-08-2019 00:15:25,-0.5237427,0.126297,9.39006,0.002425909,-0.0009021014,0.0011720657,0.0,3
10-08-2019 00:15:25,-0.5189514,0.12689209,9.38707,-0.0016419291,0.00040976703,-0.0019903183,0.0,3
10-08-2019 00:15:25,-0.5159607,0.1257019,9.387665,-0.0035411716,0.00018940866,0.0010995865,0.0,3
10-08-2019 00:15:25,-0.52253723,0.12869263,9.384079,0.0022197366,-0.0032338947,-0.002448082,0.0,3
10-08-2019 00:15:25,-0.5201416,0.12451172,9.389465,0.0020019412,-0.001795873,-0.0060358047,0.0,3
10-08-2019 00:15:25,-0.52134705,0.12510681,9.387665,-0.00028532743,-0.0033771992,-0.002035141,0.0,3
10-08-2019 00:15:25,-0.5189514,0.12451172,9.387665,-0.0019963384,-0.0005746335,-0.0025644302,0.0,3
10-08-2019 00:15:25,-0.5159607,0.12988281,9.384674,0.0015801191,-0.0016859174,0.00030326843,0.0,3
10-08-2019 00:15:25,-0.517746,0.12150574,9.392456,6.234646e-05,0.0028118044,0.0018386841,0.0,3
10-08-2019 00:15:25,-0.51834106,0.1257019,9.381683,0.002421558,-0.000817582,-0.0011720657,0.0,3
10-08-2019 00:15:25,-0.5273285,0.12928772,9.38707,-4.249811e-05,-0.0032260865,0.0028476715,0.0,3
10-08-2019 00:15:25,-0.5189514,0.126297,9.385269,-0.000705421,-0.003097266,-0.00048732758,0.0,3
10-08-2019 00:15:25,-0.51834106,0.11972046,9.384079,0.004112184,0.0015791506,0.0052747726,0.0,3
10-08-2019 00:15:25,-0.51834106,0.12510681,9.380493,0.000869751,-0.0030994117,-0.0012559891,0.0,3
10-08-2019 00:15:25,-0.5195465,0.12390137,9.381088,0.000639379,0.00075279176,-0.0016489029,0.0,3
10-08-2019 00:15:25,-0.52134705,0.123306274,9.375702,0.0034111738,-0.0022837222,0.0020885468,0.0,3
10-08-2019 00:15:25,-0.52194214,0.12210083,9.381088,-0.0071814656,8.125603e-05,-0.00016498566,0.0,3
10-08-2019 00:15:25,-0.52075195,0.12271118,9.384674,0.0007278323,-0.0015188605,0.0030851364,0.0,3
10-08-2019 00:15:25,-0.5189514,0.12869263,9.380493,-0.00403738,-0.002090767,-0.004319191,0.0,3
10-08-2019 00:15:29,-0.59017944,0.13348389,9.380493,0.0027646422,-0.0011510998,0.0073900223,0,4
10-08-2019 00:15:29,-0.5817871,0.12988281,9.385269,-0.005039811,-0.00114429,0.0050764084,0,4
10-08-2019 00:15:29,-0.588974,0.13227844,9.39006,-0.006572962,-0.0039901882,0.0077590942,0,4
10-08-2019 00:15:29,-0.588974,0.1328888,9.389465,-0.002142787,0.00069499016,0.00675869,0.0,4
10-08-2019 00:15:29,-0.5919647,0.126297,9.393646,0.00036984682,0.00049611926,0.0033330917,0.0,4
10-08-2019 00:15:29,-0.5985565,0.13227844,9.395447,-0.017454565,0.003404051,0.00012111664,0.0,4
10-08-2019 00:15:29,-0.5871887,0.13227844,9.399033,0.0031680465,-0.0016010255,-0.011021614,0.0,4
10-08-2019 00:15:29,-0.5961609,0.13827515,9.399048,0.0012244582,2.4154782e-05,0.00051498413,0.0,4
10-08-2019 00:15:29,-0.5913696,0.13768005,9.405624,0.004520595,-0.0018437654,0.0035362244,0.0,4
10-08-2019 00:15:29,-0.5560608,0.13467407,9.39006,0.0017296076,-0.004530385,-0.005291939,0.0,4
10-08-2019 00:15:29,-0.5315094,0.12689209,9.38707,-0.0027092695,-0.0008764118,0.00034618378,0.0,4
10-08-2019 00:15:29,-0.5303192,0.13108826,9.396042,0.0043050647,-0.001872763,-0.0021743774,0.0,4
10-08-2019 00:15:29,-0.5303192,0.12928772,9.390671,0.005106628,-0.0044793636,-0.002278328,0.0,4
10-08-2019 00:15:29,-0.52493286,0.12271118,9.391251,0.0028091073,0.0007926971,-0.0027227402,0.0,4
10-08-2019 00:15:29,-0.5297241,0.12750244,9.394257,0.0016437769,0.0030123442,-0.002202034,0.0,4
10-08-2019 00:15:29,-0.5303192,0.12510681,9.391266,-0.0005738735,0.00042136014,-0.0026569366,0.0,4
10-08-2019 00:15:29,-0.517746,0.12390137,9.386475,0.00066798925,-0.0017513037,-0.005373955,0.0,4
10-08-2019 00:15:29,-0.5171509,0.123306274,9.388275,0.0067626834,-0.0033402592,0.0028038025,0.0,4
10-08-2019 00:15:29,-0.5165558,0.13049316,9.385269,0.0023126006,0.00072939694,0.0034971237,0.0,4
10-08-2019 00:15:29,-0.5189514,0.12390137,9.382889,0.0011388063,-0.0011773556,0.0019845963,0.0,4
10-08-2019 00:15:29,-0.5171509,0.13467407,9.38707,-0.00397557,0.00037403405,0.002907753,0.0,4
10-08-2019 00:15:29,-0.52253723,0.12869263,9.378693,-0.0012509227,-0.0036475807,-0.0016317368,0.0,4
10-08-2019 00:15:29,-0.51475525,0.12510681,9.381683,-0.00032281876,0.0013982803,-0.0030946732,0.0,4
10-08-2019 00:15:29,-0.5075836,0.123306274,9.385269,-0.0028094053,-0.0029613674,0.00072193146,0.0,4
10-08-2019 00:15:29,-0.5117645,0.12748718,9.382889,-0.00048148632,-0.0033434182,0.0012760162,0.0,4
10-08-2019 00:15:29,-0.5171509,0.12748718,9.391251,-0.0026615262,-0.0018414259,0.00082206726,0.0,4
10-08-2019 00:15:29,-0.5159607,0.12988281,9.39006,0.00034332275,8.948147e-05,-0.00068187714,0.0,4
10-08-2019 00:15:29,-0.5237427,0.126297,9.39006,0.002425909,-0.0009021014,0.0011720657,0.0,4
10-08-2019 00:15:29,-0.5189514,0.12689209,9.38707,-0.0016419291,0.00040976703,-0.0019903183,0.0,4
10-08-2019 00:15:29,-0.5159607,0.1257019,9.387665,-0.0035411716,0.00018940866,0.0010995865,0.0,4
10-08-2019 00:15:29,-0.52253723,0.12869263,9.384079,0.0022197366,-0.0032338947,-0.002448082,0.0,4
10-08-2019 00:15:29,-0.5201416,0.12451172,9.389465,0.0020019412,-0.001795873,-0.0060358047,0.0,4
10-08-2019 00:15:29,-0.52134705,0.12510681,9.387665,-0.00028532743,-0.0033771992,-0.002035141,0.0,4
10-08-2019 00:15:29,-0.5189514,0.12451172,9.387665,-0.0019963384,-0.0005746335,-0.0025644302,0.0,4
10-08-2019 00:15:29,-0.5159607,0.12988281,9.384674,0.0015801191,-0.0016859174,0.00030326843,0.0,4
10-08-2019 00:15:29,-0.517746,0.12150574,9.392456,6.234646e-05,0.0028118044,0.0018386841,0.0,4
10-08-2019 00:15:29,-0.51834106,0.1257019,9.381683,0.002421558,-0.000817582,-0.0011720657,0.0,4
10-08-2019 00:15:29,-0.5273285,0.12928772,9.38707,-4.249811e-05,-0.0032260865,0.0028476715,0.0,4
10-08-2019 00:15:29,-0.5189514,0.126297,9.385269,-0.000705421,-0.003097266,-0.00048732758,0.0,4
10-08-2019 00:15:29,-0.51834106,0.11972046,9.384079,0.004112184,0.0015791506,0.0052747726,0.0,4
10-08-2019 00:15:29,-0.51834106,0.12510681,9.380493,0.000869751,-0.0030994117,-0.0012559891,0.0,4
10-08-2019 00:15:29,-0.5195465,0.12390137,9.381088,0.000639379,0.00075279176,-0.0016489029,0.0,4
10-08-2019 00:15:29,-0.52134705,0.123306274,9.375702,0.0034111738,-0.0022837222,0.0020885468,0.0,4
10-08-2019 00:15:29,-0.52194214,0.12210083,9.381088,-0.0071814656,8.125603e-05,-0.00016498566,0.0,4
10-08-2019 00:15:29,-0.52075195,0.12271118,9.384674,0.0007278323,-0.0015188605,0.0030851364,0.0,4
10-08-2019 00:15:29,-0.5189514,0.12869263,9.380493,-0.00403738,-0.002090767,-0.004319191,0.0,4
10-08-2019 00:15:29,-0.5189514,0.12928772,9.384674,0.0015552044,-0.00088851154,0.00072956085,0.0,4
10-08-2019 00:15:29,-0.517746,0.12510681,9.381088,-0.00023543835,9.033084e-05,-0.006295204,0.0,4
10-08-2019 00:15:29,-0.52194214,0.12449646,9.38887,0.0028319359,-0.0032505393,-0.0018005371,0.0,4
10-08-2019 00:15:29,-0.517746,0.12869263,9.384079,0.00068348646,-0.0017351657,-0.001982689,0.0,4
10-08-2019 00:15:29,-0.51834106,0.12750244,9.39006,0.0033079982,-0.003509827,-0.0021181107,0.0,4
10-08-2019 00:15:29,-0.5171509,0.12449646,9.382278,0.0036099553,-6.572157e-05,0.0022192001,0.0,4
10-08-2019 00:15:29,-0.51416016,0.12748718,9.3858795,0.0002731681,-0.0011330172,-0.0004968643,0.0,4
10-08-2019 00:15:29,-0.52194214,0.1257019,9.382278,-0.0022984743,-0.0012963414,0.0032463074,0.0,4
10-08-2019 00:15:29,-0.5165558,0.12271118,9.38707,0.0015890002,0.00142207,-0.0034341812,0.0,4
10-08-2019 00:15:29,-0.5189514,0.12689209,9.383484,0.00086289644,0.0034569427,-0.0006980896,0.0,4
10-08-2019 00:15:29,-0.5237274,0.13108826,9.385284,0.00090175867,0.001615569,-0.0012636185,0.0,4
10-08-2019 00:15:29,-0.52433777,0.12211609,9.38887,0.0033777952,0.0046907365,0.0007209778,0.0,4
10-08-2019 00:15:29,-0.52433777,0.13108826,9.380493,0.0019729733,0.0004612133,0.003255844,0.0,4
10-08-2019 00:15:29,-0.5201416,0.12510681,9.382278,0.0011695027,0.00078260154,0.00017356873,0.0,4
10-08-2019 00:15:29,-0.52433777,0.12988281,9.384674,0.0011775494,-0.00013807416,-0.006242752,0.0,4
10-08-2019 00:15:29,-0.5189514,0.12510681,9.372696,0.0024983287,0.0005396083,0.0038547516,0.0,4
10-08-2019 00:15:29,-0.5165558,0.12510681,9.379288,0.0027964711,-0.00013796985,-0.0018377304,0.0,4
10-08-2019 00:15:29,-0.5201416,0.12509155,9.376892,-0.00073337555,0.00026389956,-0.0024366379,0.0,4
10-08-2019 00:15:33,-0.59017944,0.13348389,9.380493,0.0027646422,-0.0011510998,0.0073900223,0,3
10-08-2019 00:15:33,-0.5817871,0.12988281,9.385269,-0.005039811,-0.00114429,0.0050764084,0,3
10-08-2019 00:15:33,-0.588974,0.13227844,9.39006,-0.006572962,-0.0039901882,0.0077590942,0,3
10-08-2019 00:15:33,-0.588974,0.1328888,9.389465,-0.002142787,0.00069499016,0.00675869,0,3
10-08-2019 00:15:33,-0.5919647,0.126297,9.393646,0.00036984682,0.00049611926,0.0033330917,0,3
10-08-2019 00:15:33,-0.5985565,0.13227844,9.395447,-0.017454565,0.003404051,0.00012111664,0,3
10-08-2019 00:15:33,-0.5871887,0.13227844,9.399033,0.0031680465,-0.0016010255,-0.011021614,0,3
10-08-2019 00:15:33,-0.5961609,0.13827515,9.399048,0.0012244582,2.4154782e-05,0.00051498413,0.0,3
10-08-2019 00:15:33,-0.5913696,0.13768005,9.405624,0.004520595,-0.0018437654,0.0035362244,0.0,3
10-08-2019 00:15:33,-0.5560608,0.13467407,9.39006,0.0017296076,-0.004530385,-0.005291939,0.0,3
10-08-2019 00:15:33,-0.5315094,0.12689209,9.38707,-0.0027092695,-0.0008764118,0.00034618378,0.0,3
10-08-2019 00:15:33,-0.5303192,0.13108826,9.396042,0.0043050647,-0.001872763,-0.0021743774,0.0,3
10-08-2019 00:15:33,-0.5303192,0.12928772,9.390671,0.005106628,-0.0044793636,-0.002278328,0.0,3
10-08-2019 00:15:33,-0.52493286,0.12271118,9.391251,0.0028091073,0.0007926971,-0.0027227402,0.0,3
10-08-2019 00:15:33,-0.5297241,0.12750244,9.394257,0.0016437769,0.0030123442,-0.002202034,0.0,3
10-08-2019 00:15:33,-0.5303192,0.12510681,9.391266,-0.0005738735,0.00042136014,-0.0026569366,0.0,3
10-08-2019 00:15:33,-0.517746,0.12390137,9.386475,0.00066798925,-0.0017513037,-0.005373955,0.0,3
10-08-2019 00:15:33,-0.5171509,0.123306274,9.388275,0.0067626834,-0.0033402592,0.0028038025,0.0,3
10-08-2019 00:15:33,-0.5165558,0.13049316,9.385269,0.0023126006,0.00072939694,0.0034971237,0.0,3
10-08-2019 00:15:33,-0.5189514,0.12390137,9.382889,0.0011388063,-0.0011773556,0.0019845963,0.0,3
10-08-2019 00:15:33,-0.5171509,0.13467407,9.38707,-0.00397557,0.00037403405,0.002907753,0.0,3
10-08-2019 00:15:33,-0.52253723,0.12869263,9.378693,-0.0012509227,-0.0036475807,-0.0016317368,0.0,3
10-08-2019 00:15:33,-0.51475525,0.12510681,9.381683,-0.00032281876,0.0013982803,-0.0030946732,0.0,3
10-08-2019 00:15:33,-0.5075836,0.123306274,9.385269,-0.0028094053,-0.0029613674,0.00072193146,0.0,3
10-08-2019 00:15:33,-0.5117645,0.12748718,9.382889,-0.00048148632,-0.0033434182,0.0012760162,0.0,3
10-08-2019 00:15:33,-0.5171509,0.12748718,9.391251,-0.0026615262,-0.0018414259,0.00082206726,0.0,3
10-08-2019 00:15:33,-0.5159607,0.12988281,9.39006,0.00034332275,8.948147e-05,-0.00068187714,0.0,3
10-08-2019 00:15:33,-0.5237427,0.126297,9.39006,0.002425909,-0.0009021014,0.0011720657,0.0,3
10-08-2019 00:15:33,-0.5189514,0.12689209,9.38707,-0.0016419291,0.00040976703,-0.0019903183,0.0,3
10-08-2019 00:15:33,-0.5159607,0.1257019,9.387665,-0.0035411716,0.00018940866,0.0010995865,0.0,3
10-08-2019 00:15:33,-0.52253723,0.12869263,9.384079,0.0022197366,-0.0032338947,-0.002448082,0.0,3
10-08-2019 00:15:33,-0.5201416,0.12451172,9.389465,0.0020019412,-0.001795873,-0.0060358047,0.0,3
10-08-2019 00:15:33,-0.52134705,0.12510681,9.387665,-0.00028532743,-0.0033771992,-0.002035141,0.0,3
10-08-2019 00:15:33,-0.5189514,0.12451172,9.387665,-0.0019963384,-0.0005746335,-0.0025644302,0.0,3
10-08-2019 00:15:33,-0.5159607,0.12988281,9.384674,0.0015801191,-0.0016859174,0.00030326843,0.0,3
10-08-2019 00:15:33,-0.517746,0.12150574,9.392456,6.234646e-05,0.0028118044,0.0018386841,0.0,3
10-08-2019 00:15:33,-0.51834106,0.1257019,9.381683,0.002421558,-0.000817582,-0.0011720657,0.0,3
10-08-2019 00:15:33,-0.5273285,0.12928772,9.38707,-4.249811e-05,-0.0032260865,0.0028476715,0.0,3
10-08-2019 00:15:33,-0.5189514,0.126297,9.385269,-0.000705421,-0.003097266,-0.00048732758,0.0,3
10-08-2019 00:15:33,-0.51834106,0.11972046,9.384079,0.004112184,0.0015791506,0.0052747726,0.0,3
10-08-2019 00:15:33,-0.51834106,0.12510681,9.380493,0.000869751,-0.0030994117,-0.0012559891,0.0,3
10-08-2019 00:15:33,-0.5195465,0.12390137,9.381088,0.000639379,0.00075279176,-0.0016489029,0.0,3
10-08-2019 00:15:33,-0.52134705,0.123306274,9.375702,0.0034111738,-0.0022837222,0.0020885468,0.0,3
10-08-2019 00:15:33,-0.52194214,0.12210083,9.381088,-0.0071814656,8.125603e-05,-0.00016498566,0.0,3
10-08-2019 00:15:33,-0.52075195,0.12271118,9.384674,0.0007278323,-0.0015188605,0.0030851364,0.0,3
10-08-2019 00:15:33,-0.5189514,0.12869263,9.380493,-0.00403738,-0.002090767,-0.004319191,0.0,3
10-08-2019 00:15:33,-0.5189514,0.12928772,9.384674,0.0015552044,-0.00088851154,0.00072956085,0.0,3
10-08-2019 00:15:33,-0.517746,0.12510681,9.381088,-0.00023543835,9.033084e-05,-0.006295204,0.0,3
10-08-2019 00:15:33,-0.52194214,0.12449646,9.38887,0.0028319359,-0.0032505393,-0.0018005371,0.0,3
10-08-2019 00:15:33,-0.517746,0.12869263,9.384079,0.00068348646,-0.0017351657,-0.001982689,0.0,3
10-08-2019 00:15:33,-0.51834106,0.12750244,9.39006,0.0033079982,-0.003509827,-0.0021181107,0.0,3
10-08-2019 00:15:33,-0.5171509,0.12449646,9.382278,0.0036099553,-6.572157e-05,0.0022192001,0.0,3
10-08-2019 00:15:33,-0.51416016,0.12748718,9.3858795,0.0002731681,-0.0011330172,-0.0004968643,0.0,3
10-08-2019 00:15:33,-0.52194214,0.1257019,9.382278,-0.0022984743,-0.0012963414,0.0032463074,0.0,3
10-08-2019 00:15:33,-0.5165558,0.12271118,9.38707,0.0015890002,0.00142207,-0.0034341812,0.0,3
10-08-2019 00:15:33,-0.5189514,0.12689209,9.383484,0.00086289644,0.0034569427,-0.0006980896,0.0,3
10-08-2019 00:15:33,-0.5237274,0.13108826,9.385284,0.00090175867,0.001615569,-0.0012636185,0.0,3
10-08-2019 00:15:33,-0.52433777,0.12211609,9.38887,0.0033777952,0.0046907365,0.0007209778,0.0,3
10-08-2019 00:15:33,-0.52433777,0.13108826,9.380493,0.0019729733,0.0004612133,0.003255844,0.0,3
10-08-2019 00:15:33,-0.5201416,0.12510681,9.382278,0.0011695027,0.00078260154,0.00017356873,0.0,3
10-08-2019 00:15:33,-0.52433777,0.12988281,9.384674,0.0011775494,-0.00013807416,-0.006242752,0.0,3
10-08-2019 00:15:33,-0.5189514,0.12510681,9.372696,0.0024983287,0.0005396083,0.0038547516,0.0,3
10-08-2019 00:15:33,-0.5165558,0.12510681,9.379288,0.0027964711,-0.00013796985,-0.0018377304,0.0,3
10-08-2019 00:15:33,-0.5201416,0.12509155,9.376892,-0.00073337555,0.00026389956,-0.0024366379,0.0,3
10-08-2019 00:15:33,-0.5165558,0.12031555,9.382874,0.0019732118,0.0034015477,0.0008020401,0.0,3
10-08-2019 00:15:33,-0.517746,0.12210083,9.378098,0.0010431409,-0.0015451312,0.0009250641,0.0,3
10-08-2019 00:15:33,-0.51535034,0.12449646,9.379883,0.0008224845,-0.0014352351,0.0010204315,0.0,3
10-08-2019 00:15:33,-0.52075195,0.12271118,9.382889,-0.0011911988,0.00087130815,-0.0013027191,0.0,3
10-08-2019 00:15:33,-0.51475525,0.12150574,9.383484,0.0021184087,0.00275103,-0.0016679764,0.0,3
10-08-2019 00:15:33,-0.51116943,0.123306274,9.385269,1.0192394e-05,0.0008573532,0.0024967194,0.0,3
10-08-2019 00:15:33,-0.5189514,0.12748718,9.372101,0.0038531423,0.0024681166,-0.00033473969,0.0,3
10-08-2019 00:15:33,-0.5189514,0.123306274,9.378693,-0.0002438426,0.0001418218,0.002175331,0.0,3
10-08-2019 00:15:33,-0.51356506,0.12928772,9.374496,3.963709e-05,0.0021285191,0.0014276505,0.0,3
10-08-2019 00:15:33,-0.51116943,0.12809753,9.378693,0.0028743148,-0.0004919693,-0.0014410019,0.0,3
10-08-2019 00:15:33,-0.50997925,0.12809753,9.383484,-0.0004861951,0.0005790442,0.006213188,0.0,3
10-08-2019 00:15:33,-0.51356506,0.12748718,9.382874,-0.0041113496,0.0013584718,0.0073451996,0.0,3
10-08-2019 00:15:33,-0.5117645,0.12031555,9.372101,-0.0036056638,0.0018057749,0.0060863495,0.0,3
10-08-2019 00:15:33,-0.51116943,0.126297,9.378693,-0.0022089481,0.0066274256,0.0044841766,0.0,3
10-08-2019 00:15:33,-0.509964,0.12689209,9.384079,0.0021253228,-0.0015167445,0.007411003,0.0,3
10-08-2019 00:15:33,-0.5129547,0.12271118,9.382278,-0.0023220181,-0.004402943,0.006157875,0.0,3
10-08-2019 00:15:33,-0.5057831,0.120910645,9.373306,-0.00089627504,-0.000706926,0.0033283234,0.0,3
10-08-2019 00:15:33,-0.51356506,0.1304779,9.374496,-0.0010653734,0.0004767105,0.001420021,0.0,3
10-08-2019 00:15:36,-0.59017944,0.13348389,9.380493,0.0027646422,-0.0011510998,0.0073900223,0,4
10-08-2019 00:15:36,-0.5817871,0.12988281,9.385269,-0.005039811,-0.00114429,0.0050764084,0,4
10-08-2019 00:15:36,-0.588974,0.13227844,9.39006,-0.006572962,-0.0039901882,0.0077590942,0,4
10-08-2019 00:15:36,-0.588974,0.1328888,9.389465,-0.002142787,0.00069499016,0.00675869,0,4
10-08-2019 00:15:36,-0.5919647,0.126297,9.393646,0.00036984682,0.00049611926,0.0033330917,0,4
10-08-2019 00:15:36,-0.5985565,0.13227844,9.395447,-0.017454565,0.003404051,0.00012111664,0,4
10-08-2019 00:15:36,-0.5871887,0.13227844,9.399033,0.0031680465,-0.0016010255,-0.011021614,0,4
10-08-2019 00:15:36,-0.5961609,0.13827515,9.399048,0.0012244582,2.4154782e-05,0.00051498413,0,4
10-08-2019 00:15:36,-0.5913696,0.13768005,9.405624,0.004520595,-0.0018437654,0.0035362244,0,4
10-08-2019 00:15:36,-0.5560608,0.13467407,9.39006,0.0017296076,-0.004530385,-0.005291939,0,4
10-08-2019 00:15:36,-0.5315094,0.12689209,9.38707,-0.0027092695,-0.0008764118,0.00034618378,0.0,4
10-08-2019 00:15:36,-0.5303192,0.13108826,9.396042,0.0043050647,-0.001872763,-0.0021743774,0.0,4
10-08-2019 00:15:36,-0.5303192,0.12928772,9.390671,0.005106628,-0.0044793636,-0.002278328,0.0,4
10-08-2019 00:15:36,-0.52493286,0.12271118,9.391251,0.0028091073,0.0007926971,-0.0027227402,0.0,4
10-08-2019 00:15:36,-0.5297241,0.12750244,9.394257,0.0016437769,0.0030123442,-0.002202034,0.0,4
10-08-2019 00:15:36,-0.5303192,0.12510681,9.391266,-0.0005738735,0.00042136014,-0.0026569366,0.0,4
10-08-2019 00:15:36,-0.517746,0.12390137,9.386475,0.00066798925,-0.0017513037,-0.005373955,0.0,4
10-08-2019 00:15:36,-0.5171509,0.123306274,9.388275,0.0067626834,-0.0033402592,0.0028038025,0.0,4
10-08-2019 00:15:36,-0.5165558,0.13049316,9.385269,0.0023126006,0.00072939694,0.0034971237,0.0,4
10-08-2019 00:15:36,-0.5189514,0.12390137,9.382889,0.0011388063,-0.0011773556,0.0019845963,0.0,4
10-08-2019 00:15:36,-0.5171509,0.13467407,9.38707,-0.00397557,0.00037403405,0.002907753,0.0,4
10-08-2019 00:15:36,-0.52253723,0.12869263,9.378693,-0.0012509227,-0.0036475807,-0.0016317368,0.0,4
10-08-2019 00:15:36,-0.51475525,0.12510681,9.381683,-0.00032281876,0.0013982803,-0.0030946732,0.0,4
10-08-2019 00:15:36,-0.5075836,0.123306274,9.385269,-0.0028094053,-0.0029613674,0.00072193146,0.0,4
10-08-2019 00:15:36,-0.5117645,0.12748718,9.382889,-0.00048148632,-0.0033434182,0.0012760162,0.0,4
10-08-2019 00:15:36,-0.5171509,0.12748718,9.391251,-0.0026615262,-0.0018414259,0.00082206726,0.0,4
10-08-2019 00:15:36,-0.5159607,0.12988281,9.39006,0.00034332275,8.948147e-05,-0.00068187714,0.0,4
10-08-2019 00:15:36,-0.5237427,0.126297,9.39006,0.002425909,-0.0009021014,0.0011720657,0.0,4
10-08-2019 00:15:36,-0.5189514,0.12689209,9.38707,-0.0016419291,0.00040976703,-0.0019903183,0.0,4
10-08-2019 00:15:36,-0.5159607,0.1257019,9.387665,-0.0035411716,0.00018940866,0.0010995865,0.0,4
10-08-2019 00:15:36,-0.52253723,0.12869263,9.384079,0.0022197366,-0.0032338947,-0.002448082,0.0,4
10-08-2019 00:15:36,-0.5201416,0.12451172,9.389465,0.0020019412,-0.001795873,-0.0060358047,0.0,4
10-08-2019 00:15:36,-0.52134705,0.12510681,9.387665,-0.00028532743,-0.0033771992,-0.002035141,0.0,4
10-08-2019 00:15:36,-0.5189514,0.12451172,9.387665,-0.0019963384,-0.0005746335,-0.0025644302,0.0,4
10-08-2019 00:15:36,-0.5159607,0.12988281,9.384674,0.0015801191,-0.0016859174,0.00030326843,0.0,4
10-08-2019 00:15:36,-0.517746,0.12150574,9.392456,6.234646e-05,0.0028118044,0.0018386841,0.0,4
10-08-2019 00:15:36,-0.51834106,0.1257019,9.381683,0.002421558,-0.000817582,-0.0011720657,0.0,4
10-08-2019 00:15:36,-0.5273285,0.12928772,9.38707,-4.249811e-05,-0.0032260865,0.0028476715,0.0,4
10-08-2019 00:15:36,-0.5189514,0.126297,9.385269,-0.000705421,-0.003097266,-0.00048732758,0.0,4
10-08-2019 00:15:36,-0.51834106,0.11972046,9.384079,0.004112184,0.0015791506,0.0052747726,0.0,4
10-08-2019 00:15:36,-0.51834106,0.12510681,9.380493,0.000869751,-0.0030994117,-0.0012559891,0.0,4
10-08-2019 00:15:36,-0.5195465,0.12390137,9.381088,0.000639379,0.00075279176,-0.0016489029,0.0,4
10-08-2019 00:15:36,-0.52134705,0.123306274,9.375702,0.0034111738,-0.0022837222,0.0020885468,0.0,4
10-08-2019 00:15:36,-0.52194214,0.12210083,9.381088,-0.0071814656,8.125603e-05,-0.00016498566,0.0,4
10-08-2019 00:15:36,-0.52075195,0.12271118,9.384674,0.0007278323,-0.0015188605,0.0030851364,0.0,4
10-08-2019 00:15:36,-0.5189514,0.12869263,9.380493,-0.00403738,-0.002090767,-0.004319191,0.0,4
10-08-2019 00:15:36,-0.5189514,0.12928772,9.384674,0.0015552044,-0.00088851154,0.00072956085,0.0,4
10-08-2019 00:15:36,-0.517746,0.12510681,9.381088,-0.00023543835,9.033084e-05,-0.006295204,0.0,4
10-08-2019 00:15:36,-0.52194214,0.12449646,9.38887,0.0028319359,-0.0032505393,-0.0018005371,0.0,4
10-08-2019 00:15:36,-0.517746,0.12869263,9.384079,0.00068348646,-0.0017351657,-0.001982689,0.0,4
10-08-2019 00:15:36,-0.51834106,0.12750244,9.39006,0.0033079982,-0.003509827,-0.0021181107,0.0,4
10-08-2019 00:15:36,-0.5171509,0.12449646,9.382278,0.0036099553,-6.572157e-05,0.0022192001,0.0,4
10-08-2019 00:15:36,-0.51416016,0.12748718,9.3858795,0.0002731681,-0.0011330172,-0.0004968643,0.0,4
10-08-2019 00:15:36,-0.52194214,0.1257019,9.382278,-0.0022984743,-0.0012963414,0.0032463074,0.0,4
10-08-2019 00:15:36,-0.5165558,0.12271118,9.38707,0.0015890002,0.00142207,-0.0034341812,0.0,4
10-08-2019 00:15:36,-0.5189514,0.12689209,9.383484,0.00086289644,0.0034569427,-0.0006980896,0.0,4
10-08-2019 00:15:36,-0.5237274,0.13108826,9.385284,0.00090175867,0.001615569,-0.0012636185,0.0,4
10-08-2019 00:15:36,-0.52433777,0.12211609,9.38887,0.0033777952,0.0046907365,0.0007209778,0.0,4
10-08-2019 00:15:36,-0.52433777,0.13108826,9.380493,0.0019729733,0.0004612133,0.003255844,0.0,4
10-08-2019 00:15:36,-0.5201416,0.12510681,9.382278,0.0011695027,0.00078260154,0.00017356873,0.0,4
10-08-2019 00:15:36,-0.52433777,0.12988281,9.384674,0.0011775494,-0.00013807416,-0.006242752,0.0,4
10-08-2019 00:15:36,-0.5189514,0.12510681,9.372696,0.0024983287,0.0005396083,0.0038547516,0.0,4
10-08-2019 00:15:36,-0.5165558,0.12510681,9.379288,0.0027964711,-0.00013796985,-0.0018377304,0.0,4
10-08-2019 00:15:36,-0.5201416,0.12509155,9.376892,-0.00073337555,0.00026389956,-0.0024366379,0.0,4
10-08-2019 00:15:36,-0.5165558,0.12031555,9.382874,0.0019732118,0.0034015477,0.0008020401,0.0,4
10-08-2019 00:15:36,-0.517746,0.12210083,9.378098,0.0010431409,-0.0015451312,0.0009250641,0.0,4
10-08-2019 00:15:36,-0.51535034,0.12449646,9.379883,0.0008224845,-0.0014352351,0.0010204315,0.0,4
10-08-2019 00:15:36,-0.52075195,0.12271118,9.382889,-0.0011911988,0.00087130815,-0.0013027191,0.0,4
10-08-2019 00:15:36,-0.51475525,0.12150574,9.383484,0.0021184087,0.00275103,-0.0016679764,0.0,4
10-08-2019 00:15:36,-0.51116943,0.123306274,9.385269,1.0192394e-05,0.0008573532,0.0024967194,0.0,4
10-08-2019 00:15:36,-0.5189514,0.12748718,9.372101,0.0038531423,0.0024681166,-0.00033473969,0.0,4
10-08-2019 00:15:36,-0.5189514,0.123306274,9.378693,-0.0002438426,0.0001418218,0.002175331,0.0,4
10-08-2019 00:15:36,-0.51356506,0.12928772,9.374496,3.963709e-05,0.0021285191,0.0014276505,0.0,4
10-08-2019 00:15:36,-0.51116943,0.12809753,9.378693,0.0028743148,-0.0004919693,-0.0014410019,0.0,4
10-08-2019 00:15:36,-0.50997925,0.12809753,9.383484,-0.0004861951,0.0005790442,0.006213188,0.0,4
10-08-2019 00:15:36,-0.51356506,0.12748718,9.382874,-0.0041113496,0.0013584718,0.0073451996,0.0,4
10-08-2019 00:15:36,-0.5117645,0.12031555,9.372101,-0.0036056638,0.0018057749,0.0060863495,0.0,4
10-08-2019 00:15:36,-0.51116943,0.126297,9.378693,-0.0022089481,0.0066274256,0.0044841766,0.0,4
10-08-2019 00:15:36,-0.509964,0.12689209,9.384079,0.0021253228,-0.0015167445,0.007411003,0.0,4
10-08-2019 00:15:36,-0.5129547,0.12271118,9.382278,-0.0023220181,-0.004402943,0.006157875,0.0,4
10-08-2019 00:15:36,-0.5057831,0.120910645,9.373306,-0.00089627504,-0.000706926,0.0033283234,0.0,4
10-08-2019 00:15:36,-0.51356506,0.1304779,9.374496,-0.0010653734,0.0004767105,0.001420021,0.0,4
10-08-2019 00:15:36,-0.51057434,0.123306274,9.379883,-0.0002619624,-0.004006535,0.0029363632,0.0,4
10-08-2019 00:15:36,-0.5093689,0.12390137,9.375702,-0.0045048,0.00068540126,0.0035657883,0.0,4
10-08-2019 00:15:36,-0.50756836,0.11911011,9.377487,0.0023085475,0.0019983798,-0.00039100647,0.0,4
10-08-2019 00:15:36,-0.51535034,0.12271118,9.377487,0.002204597,-0.0038810968,0.0025453568,0.0,4
10-08-2019 00:15:36,-0.5081787,0.126297,9.376297,0.00065517426,0.0033712909,-0.00030708313,0.0,4
10-08-2019 00:15:36,-0.5087738,0.1257019,9.376892,0.0025545955,-0.00055994093,0.00021457672,0.0,4
10-08-2019 00:15:36,-0.509964,0.12509155,9.376297,-0.0010340214,0.0017828345,-0.0006160736,0.0,4
10-08-2019 00:15:36,-0.5051727,0.1257019,9.377487,0.0014230609,-0.0005411804,0.0015687943,0.0,4
10-08-2019 00:15:36,-0.51116943,0.12390137,9.373306,-0.0006747246,-0.0036000237,-0.00055122375,0.0,4
10-08-2019 00:15:36,-0.5081787,0.12809753,9.383484,2.4020672e-05,0.002364099,-0.0059423447,0.0,4
10-08-2019 00:15:36,-0.5075836,0.120910645,9.378693,0.0011460781,0.0023317933,-0.00036907196,0.0,4
10-08-2019 00:15:36,-0.5063782,0.12809753,9.380478,0.00015801191,-0.0033013076,-0.0041952133,0.0,4
10-08-2019 00:15:36,-0.50756836,0.12928772,9.381683,0.0056245923,-0.000113114715,-0.003979683,0.0,4
10-08-2019 00:15:36,-0.5117645,0.12390137,9.392456,-0.001716435,0.0021427125,-0.0054368973,0.0,4
10-08-2019 00:15:36,-0.5171509,0.12271118,9.39006,-0.0011651516,-0.0015488118,-0.0048065186,0.0,4
10-08-2019 00:15:36,-0.517746,0.13227844,9.398453,0.0014106631,0.002294466,-0.0043907166,0.0,4
10-08-2019 00:15:36,-0.51297,0.12928772,9.3984375,-0.0010058284,-0.0013349801,-0.006123543,0.0,4
10-08-2019 00:15:36,-0.51116943,0.12451172,9.402634,-0.0004056096,-0.0023969114,-0.0048675537,0.0,4
10-08-2019 00:15:40,-0.59017944,0.13348389,9.380493,0.0027646422,-0.0011510998,0.0073900223,0,3
10-08-2019 00:15:40,-0.5817871,0.12988281,9.385269,-0.005039811,-0.00114429,0.0050764084,0,3
10-08-2019 00:15:40,-0.588974,0.13227844,9.39006,-0.006572962,-0.0039901882,0.0077590942,0,3
10-08-2019 00:15:40,-0.588974,0.1328888,9.389465,-0.002142787,0.00069499016,0.00675869,0,3
10-08-2019 00:15:40,-0.5919647,0.126297,9.393646,0.00036984682,0.00049611926,0.0033330917,0,3
10-08-2019 00:15:40,-0.5985565,0.13227844,9.395447,-0.017454565,0.003404051,0.00012111664,0,3
10-08-2019 00:15:40,-0.5871887,0.13227844,9.399033,0.0031680465,-0.0016010255,-0.011021614,0,3
10-08-2019 00:15:40,-0.5961609,0.13827515,9.399048,0.0012244582,2.4154782e-05,0.00051498413,0,3
10-08-2019 00:15:40,-0.5913696,0.13768005,9.405624,0.004520595,-0.0018437654,0.0035362244,0,3
10-08-2019 00:15:40,-0.5560608,0.13467407,9.39006,0.0017296076,-0.004530385,-0.005291939,0,3
10-08-2019 00:15:40,-0.5315094,0.12689209,9.38707,-0.0027092695,-0.0008764118,0.00034618378,0,3
10-08-2019 00:15:40,-0.5303192,0.13108826,9.396042,0.0043050647,-0.001872763,-0.0021743774,0,3
10-08-2019 00:15:40,-0.5303192,0.12928772,9.390671,0.005106628,-0.0044793636,-0.002278328,0,3
10-08-2019 00:15:40,-0.52493286,0.12271118,9.391251,0.0028091073,0.0007926971,-0.0027227402,0,3
10-08-2019 00:15:40,-0.5297241,0.12750244,9.394257,0.0016437769,0.0030123442,-0.002202034,0.0,3
10-08-2019 00:15:40,-0.5303192,0.12510681,9.391266,-0.0005738735,0.00042136014,-0.0026569366,0.0,3
10-08-2019 00:15:40,-0.517746,0.12390137,9.386475,0.00066798925,-0.0017513037,-0.005373955,0.0,3
10-08-2019 00:15:40,-0.5171509,0.123306274,9.388275,0.0067626834,-0.0033402592,0.0028038025,0.0,3
10-08-2019 00:15:40,-0.5165558,0.13049316,9.385269,0.0023126006,0.00072939694,0.0034971237,0.0,3
10-08-2019 00:15:40,-0.5189514,0.12390137,9.382889,0.0011388063,-0.0011773556,0.0019845963,0.0,3
10-08-2019 00:15:40,-0.5171509,0.13467407,9.38707,-0.00397557,0.00037403405,0.002907753,0.0,3
10-08-2019 00:15:40,-0.52253723,0.12869263,9.378693,-0.0012509227,-0.0036475807,-0.0016317368,0.0,3
10-08-2019 00:15:40,-0.51475525,0.12510681,9.381683,-0.00032281876,0.0013982803,-0.0030946732,0.0,3
10-08-2019 00:15:40,-0.5075836,0.123306274,9.385269,-0.0028094053,-0.0029613674,0.00072193146,0.0,3
10-08-2019 00:15:40,-0.5117645,0.12748718,9.382889,-0.00048148632,-0.0033434182,0.0012760162,0.0,3
10-08-2019 00:15:40,-0.5171509,0.12748718,9.391251,-0.0026615262,-0.0018414259,0.00082206726,0.0,3
10-08-2019 00:15:40,-0.5159607,0.12988281,9.39006,0.00034332275,8.948147e-05,-0.00068187714,0.0,3
10-08-2019 00:15:40,-0.5237427,0.126297,9.39006,0.002425909,-0.0009021014,0.0011720657,0.0,3
10-08-2019 00:15:40,-0.5189514,0.12689209,9.38707,-0.0016419291,0.00040976703,-0.0019903183,0.0,3
10-08-2019 00:15:40,-0.5159607,0.1257019,9.387665,-0.0035411716,0.00018940866,0.0010995865,0.0,3
10-08-2019 00:15:40,-0.52253723,0.12869263,9.384079,0.0022197366,-0.0032338947,-0.002448082,0.0,3
10-08-2019 00:15:40,-0.5201416,0.12451172,9.389465,0.0020019412,-0.001795873,-0.0060358047,0.0,3
10-08-2019 00:15:40,-0.52134705,0.12510681,9.387665,-0.00028532743,-0.0033771992,-0.002035141,0.0,3
10-08-2019 00:15:40,-0.5189514,0.12451172,9.387665,-0.0019963384,-0.0005746335,-0.0025644302,0.0,3
10-08-2019 00:15:40,-0.5159607,0.12988281,9.384674,0.0015801191,-0.0016859174,0.00030326843,0.0,3
10-08-2019 00:15:40,-0.517746,0.12150574,9.392456,6.234646e-05,0.0028118044,0.0018386841,0.0,3
10-08-2019 00:15:40,-0.51834106,0.1257019,9.381683,0.002421558,-0.000817582,-0.0011720657,0.0,3
10-08-2019 00:15:40,-0.5273285,0.12928772,9.38707,-4.249811e-05,-0.0032260865,0.0028476715,0.0,3
10-08-2019 00:15:40,-0.5189514,0.126297,9.385269,-0.000705421,-0.003097266,-0.00048732758,0.0,3
10-08-2019 00:15:40,-0.51834106,0.11972046,9.384079,0.004112184,0.0015791506,0.0052747726,0.0,3
10-08-2019 00:15:40,-0.51834106,0.12510681,9.380493,0.000869751,-0.0030994117,-0.0012559891,0.0,3
10-08-2019 00:15:40,-0.5195465,0.12390137,9.381088,0.000639379,0.00075279176,-0.0016489029,0.0,3
10-08-2019 00:15:40,-0.52134705,0.123306274,9.375702,0.0034111738,-0.0022837222,0.0020885468,0.0,3
10-08-2019 00:15:40,-0.52194214,0.12210083,9.381088,-0.0071814656,8.125603e-05,-0.00016498566,0.0,3
10-08-2019 00:15:40,-0.52075195,0.12271118,9.384674,0.0007278323,-0.0015188605,0.0030851364,0.0,3
10-08-2019 00:15:40,-0.5189514,0.12869263,9.380493,-0.00403738,-0.002090767,-0.004319191,0.0,3
10-08-2019 00:15:40,-0.5189514,0.12928772,9.384674,0.0015552044,-0.00088851154,0.00072956085,0.0,3
10-08-2019 00:15:40,-0.517746,0.12510681,9.381088,-0.00023543835,9.033084e-05,-0.006295204,0.0,3
10-08-2019 00:15:40,-0.52194214,0.12449646,9.38887,0.0028319359,-0.0032505393,-0.0018005371,0.0,3
10-08-2019 00:15:40,-0.517746,0.12869263,9.384079,0.00068348646,-0.0017351657,-0.001982689,0.0,3
10-08-2019 00:15:40,-0.51834106,0.12750244,9.39006,0.0033079982,-0.003509827,-0.0021181107,0.0,3
10-08-2019 00:15:40,-0.5171509,0.12449646,9.382278,0.0036099553,-6.572157e-05,0.0022192001,0.0,3
10-08-2019 00:15:40,-0.51416016,0.12748718,9.3858795,0.0002731681,-0.0011330172,-0.0004968643,0.0,3
10-08-2019 00:15:40,-0.52194214,0.1257019,9.382278,-0.0022984743,-0.0012963414,0.0032463074,0.0,3
10-08-2019 00:15:40,-0.5165558,0.12271118,9.38707,0.0015890002,0.00142207,-0.0034341812,0.0,3
10-08-2019 00:15:40,-0.5189514,0.12689209,9.383484,0.00086289644,0.0034569427,-0.0006980896,0.0,3
10-08-2019 00:15:40,-0.5237274,0.13108826,9.385284,0.00090175867,0.001615569,-0.0012636185,0.0,3
10-08-2019 00:15:40,-0.52433777,0.12211609,9.38887,0.0033777952,0.0046907365,0.0007209778,0.0,3
10-08-2019 00:15:40,-0.52433777,0.13108826,9.380493,0.0019729733,0.0004612133,0.003255844,0.0,3
10-08-2019 00:15:40,-0.5201416,0.12510681,9.382278,0.0011695027,0.00078260154,0.00017356873,0.0,3
10-08-2019 00:15:40,-0.52433777,0.12988281,9.384674,0.0011775494,-0.00013807416,-0.006242752,0.0,3
10-08-2019 00:15:40,-0.5189514,0.12510681,9.372696,0.0024983287,0.0005396083,0.0038547516,0.0,3
10-08-2019 00:15:40,-0.5165558,0.12510681,9.379288,0.0027964711,-0.00013796985,-0.0018377304,0.0,3
10-08-2019 00:15:40,-0.5201416,0.12509155,9.376892,-0.00073337555,0.00026389956,-0.0024366379,0.0,3
10-08-2019 00:15:40,-0.5165558,0.12031555,9.382874,0.0019732118,0.0034015477,0.0008020401,0.0,3
10-08-2019 00:15:40,-0.517746,0.12210083,9.378098,0.0010431409,-0.0015451312,0.0009250641,0.0,3
10-08-2019 00:15:40,-0.51535034,0.12449646,9.379883,0.0008224845,-0.0014352351,0.0010204315,0.0,3
10-08-2019 00:15:40,-0.52075195,0.12271118,9.382889,-0.0011911988,0.00087130815,-0.0013027191,0.0,3
10-08-2019 00:15:40,-0.51475525,0.12150574,9.383484,0.0021184087,0.00275103,-0.0016679764,0.0,3
10-08-2019 00:15:40,-0.51116943,0.123306274,9.385269,1.0192394e-05,0.0008573532,0.0024967194,0.0,3
10-08-2019 00:15:40,-0.5189514,0.12748718,9.372101,0.0038531423,0.0024681166,-0.00033473969,0.0,3
10-08-2019 00:15:40,-0.5189514,0.123306274,9.378693,-0.0002438426,0.0001418218,0.002175331,0.0,3
10-08-2019 00:15:40,-0.51356506,0.12928772,9.374496,3.963709e-05,0.0021285191,0.0014276505,0.0,3
10-08-2019 00:15:40,-0.51116943,0.12809753,9.378693,0.0028743148,-0.0004919693,-0.0014410019,0.0,3
10-08-2019 00:15:40,-0.50997925,0.12809753,9.383484,-0.0004861951,0.0005790442,0.006213188,0.0,3
10-08-2019 00:15:40,-0.51356506,0.12748718,9.382874,-0.0041113496,0.0013584718,0.0073451996,0.0,3
10-08-2019 00:15:40,-0.5117645,0.12031555,9.372101,-0.0036056638,0.0018057749,0.0060863495,0.0,3
10-08-2019 00:15:40,-0.51116943,0.126297,9.378693,-0.0022089481,0.0066274256,0.0044841766,0.0,3
10-08-2019 00:15:40,-0.509964,0.12689209,9.384079,0.0021253228,-0.0015167445,0.007411003,0.0,3
10-08-2019 00:15:40,-0.5129547,0.12271118,9.382278,-0.0023220181,-0.004402943,0.006157875,0.0,3
10-08-2019 00:15:40,-0.5057831,0.120910645,9.373306,-0.00089627504,-0.000706926,0.0033283234,0.0,3
10-08-2019 00:15:40,-0.51356506,0.1304779,9.374496,-0.0010653734,0.0004767105,0.001420021,0.0,3
10-08-2019 00:15:40,-0.51057434,0.123306274,9.379883,-0.0002619624,-0.004006535,0.0029363632,0.0,3
10-08-2019 00:15:40,-0.5093689,0.12390137,9.375702,-0.0045048,0.00068540126,0.0035657883,0.0,3
10-08-2019 00:15:40,-0.50756836,0.11911011,9.377487,0.0023085475,0.0019983798,-0.00039100647,0.0,3
10-08-2019 00:15:40,-0.51535034,0.12271118,9.377487,0.002204597,-0.0038810968,0.0025453568,0.0,3
10-08-2019 00:15:40,-0.5081787,0.126297,9.376297,0.00065517426,0.0033712909,-0.00030708313,0.0,3
10-08-2019 00:15:40,-0.5087738,0.1257019,9.376892,0.0025545955,-0.00055994093,0.00021457672,0.0,3
10-08-2019 00:15:40,-0.509964,0.12509155,9.376297,-0.0010340214,0.0017828345,-0.0006160736,0.0,3
10-08-2019 00:15:40,-0.5051727,0.1257019,9.377487,0.0014230609,-0.0005411804,0.0015687943,0.0,3
10-08-2019 00:15:40,-0.51116943,0.12390137,9.373306,-0.0006747246,-0.0036000237,-0.00055122375,0.0,3
10-08-2019 00:15:40,-0.5081787,0.12809753,9.383484,2.4020672e-05,0.002364099,-0.0059423447,0.0,3
10-08-2019 00:15:40,-0.5075836,0.120910645,9.378693,0.0011460781,0.0023317933,-0.00036907196,0.0,3
10-08-2019 00:15:40,-0.5063782,0.12809753,9.380478,0.00015801191,-0.0033013076,-0.0041952133,0.0,3
10-08-2019 00:15:40,-0.50756836,0.12928772,9.381683,0.0056245923,-0.000113114715,-0.003979683,0.0,3
10-08-2019 00:15:40,-0.5117645,0.12390137,9.392456,-0.001716435,0.0021427125,-0.0054368973,0.0,3
10-08-2019 00:15:40,-0.5171509,0.12271118,9.39006,-0.0011651516,-0.0015488118,-0.0048065186,0.0,3
10-08-2019 00:15:40,-0.517746,0.13227844,9.398453,0.0014106631,0.002294466,-0.0043907166,0.0,3
10-08-2019 00:15:40,-0.51297,0.12928772,9.3984375,-0.0010058284,-0.0013349801,-0.006123543,0.0,3
10-08-2019 00:15:40,-0.51116943,0.12451172,9.402634,-0.0004056096,-0.0023969114,-0.0048675537,0.0,3
10-08-2019 00:15:40,-0.5135498,0.1197052,9.400238,-0.0004812479,-0.0029205233,0.0015363693,0.0,3
10-08-2019 00:15:40,-0.5231323,0.12150574,9.405624,0.0013231635,0.0011070967,-0.00057315826,0.0,3
10-08-2019 00:15:40,-0.51535034,0.12510681,9.402039,-0.0013019443,0.0015079677,-0.004330635,0.0,3
10-08-2019 00:15:40,-0.52134705,0.1257019,9.401428,0.0041093826,0.0001579076,-7.724762e-05,0.0,3
10-08-2019 00:15:40,-0.517746,0.12271118,9.401428,0.0014853477,-0.00045248866,-0.0024271011,0.0,3
10-08-2019 00:15:40,-0.5201416,0.123306274,9.405029,0.0011815429,-0.0028563142,-0.005592346,0.0,3
10-08-2019 00:15:40,-0.52075195,0.12689209,9.403824,-0.0035260916,0.0018805563,0.0010490417,0.0,3
10-08-2019 00:15:40,-0.5171509,0.120910645,9.40683,0.0010486245,-0.0011732727,-0.003645897,0.0,3
10-08-2019 00:15:40,-0.51416016,0.1257019,9.407425,-0.00065618753,-0.00026284158,0.004746437,0.0,3
10-08-2019 00:15:40,-0.51416016,0.12689209,9.402634,0.003810227,0.000933215,-0.0020074844,0.0,3
10-08-2019 00:15:40,-0.5183563,0.12689209,9.403229,-0.0006672144,-0.0018922985,-0.0005168915,0.0,3
10-08-2019 00:15:40,-0.5171509,0.12750244,9.4062195,0.0016144514,-0.0019591898,0.0040636063,0.0,3
10-08-2019 00:15:40,-0.5171509,0.12390137,9.405029,-0.0037291646,-0.0012224019,-0.0068645477,0.0,3
10-08-2019 00:15:40,-0.51594543,0.12510681,9.406815,0.0035799146,-0.002416879,-0.0013561249,0.0,3
10-08-2019 00:15:40,-0.5201416,0.1197052,9.405029,-0.0055250525,-0.0020577759,0.0019025803,0.0,3
10-08-2019 00:15:40,-0.5165558,0.12271118,9.3984375,-0.0015038848,-0.0020213276,-0.001912117,0.0,3
10-08-2019 00:15:40,-0.5189514,0.13348389,9.397247,-0.0002590418,-0.00322818,0.0031318665,0.0,3
10-08-2019 00:15:40,-0.51594543,0.12449646,9.399048,0.004196584,0.0035841167,0.0016889572,0.0,3
10-08-2019 00:15:40,-0.5189514,0.1257019,9.394852,-0.0023165345,-0.0006913841,-0.00043582916,0.0,3
10-08-2019 00:15:44,-0.59017944,0.13348389,9.380493,0.0027646422,-0.0011510998,0.0073900223,0,2
10-08-2019 00:15:44,-0.5817871,0.12988281,9.385269,-0.005039811,-0.00114429,0.0050764084,0,2
10-08-2019 00:15:44,-0.588974,0.13227844,9.39006,-0.006572962,-0.0039901882,0.0077590942,0,2
10-08-2019 00:15:44,-0.588974,0.1328888,9.389465,-0.002142787,0.00069499016,0.00675869,0,2
10-08-2019 00:15:44,-0.5919647,0.126297,9.393646,0.00036984682,0.00049611926,0.0033330917,0,2
10-08-2019 00:15:44,-0.5985565,0.13227844,9.395447,-0.017454565,0.003404051,0.00012111664,0,2
10-08-2019 00:15:44,-0.5871887,0.13227844,9.399033,0.0031680465,-0.0016010255,-0.011021614,0,2
10-08-2019 00:15:44,-0.5961609,0.13827515,9.399048,0.0012244582,2.4154782e-05,0.00051498413,0,2
10-08-2019 00:15:44,-0.5913696,0.13768005,9.405624,0.004520595,-0.0018437654,0.0035362244,0,2
10-08-2019 00:15:44,-0.5560608,0.13467407,9.39006,0.0017296076,-0.004530385,-0.005291939,0,2
10-08-2019 00:15:44,-0.5315094,0.12689209,9.38707,-0.0027092695,-0.0008764118,0.00034618378,0,2
10-08-2019 00:15:44,-0.5303192,0.13108826,9.396042,0.0043050647,-0.001872763,-0.0021743774,0,2
10-08-2019 00:15:44,-0.5303192,0.12928772,9.390671,0.005106628,-0.0044793636,-0.002278328,0,2
10-08-2019 00:15:44,-0.52493286,0.12271118,9.391251,0.0028091073,0.0007926971,-0.0027227402,0,2
10-08-2019 00:15:44,-0.5297241,0.12750244,9.394257,0.0016437769,0.0030123442,-0.002202034,0,2
10-08-2019 00:15:44,-0.5303192,0.12510681,9.391266,-0.0005738735,0.00042136014,-0.0026569366,0,2
10-08-2019 00:15:44,-0.517746,0.12390137,9.386475,0.00066798925,-0.0017513037,-0.005373955,0,2
10-08-2019 00:15:44,-0.5171509,0.123306274,9.388275,0.0067626834,-0.0033402592,0.0028038025,0,2
10-08-2019 00:15:44,-0.5165558,0.13049316,9.385269,0.0023126006,0.00072939694,0.0034971237,0.0,2
10-08-2019 00:15:44,-0.5189514,0.12390137,9.382889,0.0011388063,-0.0011773556,0.0019845963,0.0,2
10-08-2019 00:15:44,-0.5171509,0.13467407,9.38707,-0.00397557,0.00037403405,0.002907753,0.0,2
10-08-2019 00:15:44,-0.52253723,0.12869263,9.378693,-0.0012509227,-0.0036475807,-0.0016317368,0.0,2
10-08-2019 00:15:44,-0.51475525,0.12510681,9.381683,-0.00032281876,0.0013982803,-0.0030946732,0.0,2
10-08-2019 00:15:44,-0.5075836,0.123306274,9.385269,-0.0028094053,-0.0029613674,0.00072193146,0.0,2
10-08-2019 00:15:44,-0.5117645,0.12748718,9.382889,-0.00048148632,-0.0033434182,0.0012760162,0.0,2
10-08-2019 00:15:44,-0.5171509,0.12748718,9.391251,-0.0026615262,-0.0018414259,0.00082206726,0.0,2
10-08-2019 00:15:44,-0.5159607,0.12988281,9.39006,0.00034332275,8.948147e-05,-0.00068187714,0.0,2
10-08-2019 00:15:44,-0.5237427,0.126297,9.39006,0.002425909,-0.0009021014,0.0011720657,0.0,2
10-08-2019 00:15:44,-0.5189514,0.12689209,9.38707,-0.0016419291,0.00040976703,-0.0019903183,0.0,2
10-08-2019 00:15:44,-0.5159607,0.1257019,9.387665,-0.0035411716,0.00018940866,0.0010995865,0.0,2
10-08-2019 00:15:44,-0.52253723,0.12869263,9.384079,0.0022197366,-0.0032338947,-0.002448082,0.0,2
10-08-2019 00:15:44,-0.5201416,0.12451172,9.389465,0.0020019412,-0.001795873,-0.0060358047,0.0,2
10-08-2019 00:15:44,-0.52134705,0.12510681,9.387665,-0.00028532743,-0.0033771992,-0.002035141,0.0,2
10-08-2019 00:15:44,-0.5189514,0.12451172,9.387665,-0.0019963384,-0.0005746335,-0.0025644302,0.0,2
10-08-2019 00:15:44,-0.5159607,0.12988281,9.384674,0.0015801191,-0.0016859174,0.00030326843,0.0,2
10-08-2019 00:15:44,-0.517746,0.12150574,9.392456,6.234646e-05,0.0028118044,0.0018386841,0.0,2
10-08-2019 00:15:44,-0.51834106,0.1257019,9.381683,0.002421558,-0.000817582,-0.0011720657,0.0,2
10-08-2019 00:15:44,-0.5273285,0.12928772,9.38707,-4.249811e-05,-0.0032260865,0.0028476715,0.0,2
10-08-2019 00:15:44,-0.5189514,0.126297,9.385269,-0.000705421,-0.003097266,-0.00048732758,0.0,2
10-08-2019 00:15:44,-0.51834106,0.11972046,9.384079,0.004112184,0.0015791506,0.0052747726,0.0,2
10-08-2019 00:15:44,-0.51834106,0.12510681,9.380493,0.000869751,-0.0030994117,-0.0012559891,0.0,2
10-08-2019 00:15:44,-0.5195465,0.12390137,9.381088,0.000639379,0.00075279176,-0.0016489029,0.0,2
10-08-2019 00:15:44,-0.52134705,0.123306274,9.375702,0.0034111738,-0.0022837222,0.0020885468,0.0,2
10-08-2019 00:15:44,-0.52194214,0.12210083,9.381088,-0.0071814656,8.125603e-05,-0.00016498566,0.0,2
10-08-2019 00:15:44,-0.52075195,0.12271118,9.384674,0.0007278323,-0.0015188605,0.0030851364,0.0,2
10-08-2019 00:15:44,-0.5189514,0.12869263,9.380493,-0.00403738,-0.002090767,-0.004319191,0.0,2
10-08-2019 00:15:44,-0.5189514,0.12928772,9.384674,0.0015552044,-0.00088851154,0.00072956085,0.0,2
10-08-2019 00:15:44,-0.517746,0.12510681,9.381088,-0.00023543835,9.033084e-05,-0.006295204,0.0,2
10-08-2019 00:15:44,-0.52194214,0.12449646,9.38887,0.0028319359,-0.0032505393,-0.0018005371,0.0,2
10-08-2019 00:15:44,-0.517746,0.12869263,9.384079,0.00068348646,-0.0017351657,-0.001982689,0.0,2
10-08-2019 00:15:44,-0.51834106,0.12750244,9.39006,0.0033079982,-0.003509827,-0.0021181107,0.0,2
10-08-2019 00:15:44,-0.5171509,0.12449646,9.382278,0.0036099553,-6.572157e-05,0.0022192001,0.0,2
10-08-2019 00:15:44,-0.51416016,0.12748718,9.3858795,0.0002731681,-0.0011330172,-0.0004968643,0.0,2
10-08-2019 00:15:44,-0.52194214,0.1257019,9.382278,-0.0022984743,-0.0012963414,0.0032463074,0.0,2
10-08-2019 00:15:44,-0.5165558,0.12271118,9.38707,0.0015890002,0.00142207,-0.0034341812,0.0,2
10-08-2019 00:15:44,-0.5189514,0.12689209,9.383484,0.00086289644,0.0034569427,-0.0006980896,0.0,2
10-08-2019 00:15:44,-0.5237274,0.13108826,9.385284,0.00090175867,0.001615569,-0.0012636185,0.0,2
10-08-2019 00:15:44,-0.52433777,0.12211609,9.38887,0.0033777952,0.0046907365,0.0007209778,0.0,2
10-08-2019 00:15:44,-0.52433777,0.13108826,9.380493,0.0019729733,0.0004612133,0.003255844,0.0,2
10-08-2019 00:15:44,-0.5201416,0.12510681,9.382278,0.0011695027,0.00078260154,0.00017356873,0.0,2
10-08-2019 00:15:44,-0.52433777,0.12988281,9.384674,0.0011775494,-0.00013807416,-0.006242752,0.0,2
10-08-2019 00:15:44,-0.5189514,0.12510681,9.372696,0.0024983287,0.0005396083,0.0038547516,0.0,2
10-08-2019 00:15:44,-0.5165558,0.12510681,9.379288,0.0027964711,-0.00013796985,-0.0018377304,0.0,2
10-08-2019 00:15:44,-0.5201416,0.12509155,9.376892,-0.00073337555,0.00026389956,-0.0024366379,0.0,2
10-08-2019 00:15:44,-0.5165558,0.12031555,9.382874,0.0019732118,0.0034015477,0.0008020401,0.0,2
10-08-2019 00:15:44,-0.517746,0.12210083,9.378098,0.0010431409,-0.0015451312,0.0009250641,0.0,2
10-08-2019 00:15:44,-0.51535034,0.12449646,9.379883,0.0008224845,-0.0014352351,0.0010204315,0.0,2
10-08-2019 00:15:44,-0.52075195,0.12271118,9.382889,-0.0011911988,0.00087130815,-0.0013027191,0.0,2
10-08-2019 00:15:44,-0.51475525,0.12150574,9.383484,0.0021184087,0.00275103,-0.0016679764,0.0,2
10-08-2019 00:15:44,-0.51116943,0.123306274,9.385269,1.0192394e-05,0.0008573532,0.0024967194,0.0,2
10-08-2019 00:15:44,-0.5189514,0.12748718,9.372101,0.0038531423,0.0024681166,-0.00033473969,0.0,2
10-08-2019 00:15:44,-0.5189514,0.123306274,9.378693,-0.0002438426,0.0001418218,0.002175331,0.0,2
10-08-2019 00:15:44,-0.51356506,0.12928772,9.374496,3.963709e-05,0.0021285191,0.0014276505,0.0,2
10-08-2019 00:15:44,-0.51116943,0.12809753,9.378693,0.0028743148,-0.0004919693,-0.0014410019,0.0,2
10-08-2019 00:15:44,-0.50997925,0.12809753,9.383484,-0.0004861951,0.0005790442,0.006213188,0.0,2
10-08-2019 00:15:44,-0.51356506,0.12748718,9.382874,-0.0041113496,0.0013584718,0.0073451996,0.0,2
10-08-2019 00:15:44,-0.5117645,0.12031555,9.372101,-0.0036056638,0.0018057749,0.0060863495,0.0,2
10-08-2019 00:15:44,-0.51116943,0.126297,9.378693,-0.0022089481,0.0066274256,0.0044841766,0.0,2
10-08-2019 00:15:44,-0.509964,0.12689209,9.384079,0.0021253228,-0.0015167445,0.007411003,0.0,2
10-08-2019 00:15:44,-0.5129547,0.12271118,9.382278,-0.0023220181,-0.004402943,0.006157875,0.0,2
10-08-2019 00:15:44,-0.5057831,0.120910645,9.373306,-0.00089627504,-0.000706926,0.0033283234,0.0,2
10-08-2019 00:15:44,-0.51356506,0.1304779,9.374496,-0.0010653734,0.0004767105,0.001420021,0.0,2
10-08-2019 00:15:44,-0.51057434,0.123306274,9.379883,-0.0002619624,-0.004006535,0.0029363632,0.0,2
10-08-2019 00:15:44,-0.5093689,0.12390137,9.375702,-0.0045048,0.00068540126,0.0035657883,0.0,2
10-08-2019 00:15:44,-0.50756836,0.11911011,9.377487,0.0023085475,0.0019983798,-0.00039100647,0.0,2
10-08-2019 00:15:44,-0.51535034,0.12271118,9.377487,0.002204597,-0.0038810968,0.0025453568,0.0,2
10-08-2019 00:15:44,-0.5081787,0.126297,9.376297,0.00065517426,0.0033712909,-0.00030708313,0.0,2
10-08-2019 00:15:44,-0.5087738,0.1257019,9.376892,0.0025545955,-0.00055994093,0.00021457672,0.0,2
10-08-2019 00:15:44,-0.509964,0.12509155,9.376297,-0.0010340214,0.0017828345,-0.0006160736,0.0,2
10-08-2019 00:15:44,-0.5051727,0.1257019,9.377487,0.0014230609,-0.0005411804,0.0015687943,0.0,2
10-08-2019 00:15:44,-0.51116943,0.12390137,9.373306,-0.0006747246,-0.0036000237,-0.00055122375,0.0,2
10-08-2019 00:15:44,-0.5081787,0.12809753,9.383484,2.4020672e-05,0.002364099,-0.0059423447,0.0,2
10-08-2019 00:15:44,-0.5075836,0.120910645,9.378693,0.0011460781,0.0023317933,-0.00036907196,0.0,2
10-08-2019 00:15:44,-0.5063782,0.12809753,9.380478,0.00015801191,-0.0033013076,-0.0041952133,0.0,2
10-08-2019 00:15:44,-0.50756836,0.12928772,9.381683,0.0056245923,-0.000113114715,-0.003979683,0.0,2
10-08-2019 00:15:44,-0.5117645,0.12390137,9.392456,-0.001716435,0.0021427125,-0.0054368973,0.0,2
10-08-2019 00:15:44,-0.5171509,0.12271118,9.39006,-0.0011651516,-0.0015488118,-0.0048065186,0.0,2
10-08-2019 00:15:44,-0.517746,0.13227844,9.398453,0.0014106631,0.002294466,-0.0043907166,0.0,2
10-08-2019 00:15:44,-0.51297,0.12928772,9.3984375,-0.0010058284,-0.0013349801,-0.006123543,0.0,2
10-08-2019 00:15:44,-0.51116943,0.12451172,9.402634,-0.0004056096,-0.0023969114,-0.0048675537,0.0,2
10-08-2019 00:15:44,-0.5135498,0.1197052,9.400238,-0.0004812479,-0.0029205233,0.0015363693,0.0,2
10-08-2019 00:15:44,-0.5231323,0.12150574,9.405624,0.0013231635,0.0011070967,-0.00057315826,0.0,2
10-08-2019 00:15:44,-0.51535034,0.12510681,9.402039,-0.0013019443,0.0015079677,-0.004330635,0.0,2
10-08-2019 00:15:44,-0.52134705,0.1257019,9.401428,0.0041093826,0.0001579076,-7.724762e-05,0.0,2
10-08-2019 00:15:44,-0.517746,0.12271118,9.401428,0.0014853477,-0.00045248866,-0.0024271011,0.0,2
10-08-2019 00:15:44,-0.5201416,0.123306274,9.405029,0.0011815429,-0.0028563142,-0.005592346,0.0,2
10-08-2019 00:15:44,-0.52075195,0.12689209,9.403824,-0.0035260916,0.0018805563,0.0010490417,0.0,2
10-08-2019 00:15:44,-0.5171509,0.120910645,9.40683,0.0010486245,-0.0011732727,-0.003645897,0.0,2
10-08-2019 00:15:44,-0.51416016,0.1257019,9.407425,-0.00065618753,-0.00026284158,0.004746437,0.0,2
10-08-2019 00:15:44,-0.51416016,0.12689209,9.402634,0.003810227,0.000933215,-0.0020074844,0.0,2
10-08-2019 00:15:44,-0.5183563,0.12689209,9.403229,-0.0006672144,-0.0018922985,-0.0005168915,0.0,2
10-08-2019 00:15:44,-0.5171509,0.12750244,9.4062195,0.0016144514,-0.0019591898,0.0040636063,0.0,2
10-08-2019 00:15:44,-0.5171509,0.12390137,9.405029,-0.0037291646,-0.0012224019,-0.0068645477,0.0,2
10-08-2019 00:15:44,-0.51594543,0.12510681,9.406815,0.0035799146,-0.002416879,-0.0013561249,0.0,2
10-08-2019 00:15:44,-0.5201416,0.1197052,9.405029,-0.0055250525,-0.0020577759,0.0019025803,0.0,2
10-08-2019 00:15:44,-0.5165558,0.12271118,9.3984375,-0.0015038848,-0.0020213276,-0.001912117,0.0,2
10-08-2019 00:15:44,-0.5189514,0.13348389,9.397247,-0.0002590418,-0.00322818,0.0031318665,0.0,2
10-08-2019 00:15:44,-0.51594543,0.12449646,9.399048,0.004196584,0.0035841167,0.0016889572,0.0,2
10-08-2019 00:15:44,-0.5189514,0.1257019,9.394852,-0.0023165345,-0.0006913841,-0.00043582916,0.0,2
10-08-2019 00:15:44,-0.51116943,0.12390137,9.399048,0.001840353,-0.0039675385,0.00011444092,0.0,2
10-08-2019 00:15:44,-0.51535034,0.12809753,9.386475,-0.0013105273,-0.0012122244,0.0044546127,0.0,2
10-08-2019 00:15:44,-0.5165558,0.12809753,9.387665,-3.993511e-06,5.1900744e-05,0.00020885468,0.0,2
10-08-2019 00:15:44,-0.5189514,0.123306274,9.385269,0.0015856624,-0.0008571446,-0.0010442734,0.0,2
10-08-2019 00:15:44,-0.5159607,0.13407898,9.38826,0.0061823726,0.0027845353,-0.0026788712,0.0,2
10-08-2019 00:15:44,-0.517746,0.12510681,9.385284,0.0037819147,-0.0011101663,0.0010290146,0.0,2
10-08-2019 00:15:44,-0.5189514,0.123306274,9.377487,-0.00020450354,-0.0001013875,-8.4877014e-05,0.0,2
10-08-2019 00:15:44,-0.51834106,0.12509155,9.382874,0.0013083816,0.000814572,0.0043230057,0.0,2
10-08-2019 00:15:44,-0.5165558,0.12390137,9.387665,-0.0023252964,0.0027160048,0.0020923615,0.0,2
10-08-2019 00:15:44,-0.5171509,0.12869263,9.376892,0.0022159219,0.0020382851,-0.0045957565,0.0,2
10-08-2019 00:15:44,-0.5201416,0.12750244,9.379288,0.0014713407,-0.0009910911,0.0013408661,0.0,2
10-08-2019 00:15:44,-0.5183563,0.12869263,9.382889,0.0015753508,0.00015256554,0.0036964417,0.0,2
10-08-2019 00:15:44,-0.51057434,0.12869263,9.379883,0.0029072762,-0.0011036545,0.0012788773,0.0,2
10-08-2019 00:15:44,-0.51475525,0.12510681,9.378693,-0.000659585,0.0025521815,-0.003148079,0.0,2
10-08-2019 00:15:44,-0.52194214,0.12689209,9.372101,0.00135535,0.002461642,-0.0032873154,0.0,2
10-08-2019 00:15:44,-0.52253723,0.12869263,9.379883,0.0039482713,-0.0029006377,0.0030021667,0.0,2
10-08-2019 00:15:44,-0.5189514,0.12449646,9.370316,0.0022268891,-0.0015201494,0.0032129288,0.0,2
10-08-2019 00:15:44,-0.5171509,0.12928772,9.383484,0.00061923265,0.002215527,-0.0022249222,0.0,2
10-08-2019 00:15:44,-0.5165558,0.126297,9.378693,-0.0038561225,0.0014993921,0.0021305084,0.0,2
10-08-2019 00:15:48,-0.59017944,0.13348389,9.380493,0.0027646422,-0.0011510998,0.0073900223,0,3
10-08-2019 00:15:48,-0.5817871,0.12988281,9.385269,-0.005039811,-0.00114429,0.0050764084,0,3
10-08-2019 00:15:48,-0.588974,0.13227844,9.39006,-0.006572962,-0.0039901882,0.0077590942,0,3
10-08-2019 00:15:48,-0.588974,0.1328888,9.389465,-0.002142787,0.00069499016,0.00675869,0,3
10-08-2019 00:15:48,-0.5919647,0.126297,9.393646,0.00036984682,0.00049611926,0.0033330917,0,3
10-08-2019 00:15:48,-0.5985565,0.13227844,9.395447,-0.017454565,0.003404051,0.00012111664,0,3
10-08-2019 00:15:48,-0.5871887,0.13227844,9.399033,0.0031680465,-0.0016010255,-0.011021614,0,3
10-08-2019 00:15:48,-0.5961609,0.13827515,9.399048,0.0012244582,2.4154782e-05,0.00051498413,0,3
10-08-2019 00:15:48,-0.5913696,0.13768005,9.405624,0.004520595,-0.0018437654,0.0035362244,0,3
10-08-2019 00:15:48,-0.5560608,0.13467407,9.39006,0.0017296076,-0.004530385,-0.005291939,0,3
10-08-2019 00:15:48,-0.5315094,0.12689209,9.38707,-0.0027092695,-0.0008764118,0.00034618378,0,3
10-08-2019 00:15:48,-0.5303192,0.13108826,9.396042,0.0043050647,-0.001872763,-0.0021743774,0,3
10-08-2019 00:15:48,-0.5303192,0.12928772,9.390671,0.005106628,-0.0044793636,-0.002278328,0,3
10-08-2019 00:15:48,-0.52493286,0.12271118,9.391251,0.0028091073,0.0007926971,-0.0027227402,0,3
10-08-2019 00:15:48,-0.5297241,0.12750244,9.394257,0.0016437769,0.0030123442,-0.002202034,0,3
10-08-2019 00:15:48,-0.5303192,0.12510681,9.391266,-0.0005738735,0.00042136014,-0.0026569366,0,3
10-08-2019 00:15:48,-0.517746,0.12390137,9.386475,0.00066798925,-0.0017513037,-0.005373955,0,3
10-08-2019 00:15:48,-0.5171509,0.123306274,9.388275,0.0067626834,-0.0033402592,0.0028038025,0,3
10-08-2019 00:15:48,-0.5165558,0.13049316,9.385269,0.0023126006,0.00072939694,0.0034971237,0,3
10-08-2019 00:15:48,-0.5189514,0.12390137,9.382889,0.0011388063,-0.0011773556,0.0019845963,0,3
10-08-2019 00:15:48,-0.5171509,0.13467407,9.38707,-0.00397557,0.00037403405,0.002907753,0,3
10-08-2019 00:15:48,-0.52253723,0.12869263,9.378693,-0.0012509227,-0.0036475807,-0.0016317368,0,3
10-08-2019 00:15:48,-0.51475525,0.12510681,9.381683,-0.00032281876,0.0013982803,-0.0030946732,0.0,3
10-08-2019 00:15:48,-0.5075836,0.123306274,9.385269,-0.0028094053,-0.0029613674,0.00072193146,0.0,3
10-08-2019 00:15:48,-0.5117645,0.12748718,9.382889,-0.00048148632,-0.0033434182,0.0012760162,0.0,3
10-08-2019 00:15:48,-0.5171509,0.12748718,9.391251,-0.0026615262,-0.0018414259,0.00082206726,0.0,3
10-08-2019 00:15:48,-0.5159607,0.12988281,9.39006,0.00034332275,8.948147e-05,-0.00068187714,0.0,3
10-08-2019 00:15:48,-0.5237427,0.126297,9.39006,0.002425909,-0.0009021014,0.0011720657,0.0,3
10-08-2019 00:15:48,-0.5189514,0.12689209,9.38707,-0.0016419291,0.00040976703,-0.0019903183,0.0,3
10-08-2019 00:15:48,-0.5159607,0.1257019,9.387665,-0.0035411716,0.00018940866,0.0010995865,0.0,3
10-08-2019 00:15:48,-0.52253723,0.12869263,9.384079,0.0022197366,-0.0032338947,-0.002448082,0.0,3
10-08-2019 00:15:48,-0.5201416,0.12451172,9.389465,0.0020019412,-0.001795873,-0.0060358047,0.0,3
10-08-2019 00:15:48,-0.52134705,0.12510681,9.387665,-0.00028532743,-0.0033771992,-0.002035141,0.0,3
10-08-2019 00:15:48,-0.5189514,0.12451172,9.387665,-0.0019963384,-0.0005746335,-0.0025644302,0.0,3
10-08-2019 00:15:48,-0.5159607,0.12988281,9.384674,0.0015801191,-0.0016859174,0.00030326843,0.0,3
10-08-2019 00:15:48,-0.517746,0.12150574,9.392456,6.234646e-05,0.0028118044,0.0018386841,0.0,3
10-08-2019 00:15:48,-0.51834106,0.1257019,9.381683,0.002421558,-0.000817582,-0.0011720657,0.0,3
10-08-2019 00:15:48,-0.5273285,0.12928772,9.38707,-4.249811e-05,-0.0032260865,0.0028476715,0.0,3
10-08-2019 00:15:48,-0.5189514,0.126297,9.385269,-0.000705421,-0.003097266,-0.00048732758,0.0,3
10-08-2019 00:15:48,-0.51834106,0.11972046,9.384079,0.004112184,0.0015791506,0.0052747726,0.0,3
10-08-2019 00:15:48,-0.51834106,0.12510681,9.380493,0.000869751,-0.0030994117,-0.0012559891,0.0,3
10-08-2019 00:15:48,-0.5195465,0.12390137,9.381088,0.000639379,0.00075279176,-0.0016489029,0.0,3
10-08-2019 00:15:48,-0.52134705,0.123306274,9.375702,0.0034111738,-0.0022837222,0.0020885468,0.0,3
10-08-2019 00:15:48,-0.52194214,0.12210083,9.381088,-0.0071814656,8.125603e-05,-0.00016498566,0.0,3
10-08-2019 00:15:48,-0.52075195,0.12271118,9.384674,0.0007278323,-0.0015188605,0.0030851364,0.0,3
10-08-2019 00:15:48,-0.5189514,0.12869263,9.380493,-0.00403738,-0.002090767,-0.004319191,0.0,3
10-08-2019 00:15:48,-0.5189514,0.12928772,9.384674,0.0015552044,-0.00088851154,0.00072956085,0.0,3
10-08-2019 00:15:48,-0.517746,0.12510681,9.381088,-0.00023543835,9.033084e-05,-0.006295204,0.0,3
10-08-2019 00:15:48,-0.52194214,0.12449646,9.38887,0.0028319359,-0.0032505393,-0.0018005371,0.0,3
10-08-2019 00:15:48,-0.517746,0.12869263,9.384079,0.00068348646,-0.0017351657,-0.001982689,0.0,3
10-08-2019 00:15:48,-0.51834106,0.12750244,9.39006,0.0033079982,-0.003509827,-0.0021181107,0.0,3
10-08-2019 00:15:48,-0.5171509,0.12449646,9.382278,0.0036099553,-6.572157e-05,0.0022192001,0.0,3
10-08-2019 00:15:48,-0.51416016,0.12748718,9.3858795,0.0002731681,-0.0011330172,-0.0004968643,0.0,3
10-08-2019 00:15:48,-0.52194214,0.1257019,9.382278,-0.0022984743,-0.0012963414,0.0032463074,0.0,3
10-08-2019 00:15:48,-0.5165558,0.12271118,9.38707,0.0015890002,0.00142207,-0.0034341812,0.0,3
10-08-2019 00:15:48,-0.5189514,0.12689209,9.383484,0.00086289644,0.0034569427,-0.0006980896,0.0,3
10-08-2019 00:15:48,-0.5237274,0.13108826,9.385284,0.00090175867,0.001615569,-0.0012636185,0.0,3
10-08-2019 00:15:48,-0.52433777,0.12211609,9.38887,0.0033777952,0.0046907365,0.0007209778,0.0,3
10-08-2019 00:15:48,-0.52433777,0.13108826,9.380493,0.0019729733,0.0004612133,0.003255844,0.0,3
10-08-2019 00:15:48,-0.5201416,0.12510681,9.382278,0.0011695027,0.00078260154,0.00017356873,0.0,3
10-08-2019 00:15:48,-0.52433777,0.12988281,9.384674,0.0011775494,-0.00013807416,-0.006242752,0.0,3
10-08-2019 00:15:48,-0.5189514,0.12510681,9.372696,0.0024983287,0.0005396083,0.0038547516,0.0,3
10-08-2019 00:15:48,-0.5165558,0.12510681,9.379288,0.0027964711,-0.00013796985,-0.0018377304,0.0,3
10-08-2019 00:15:48,-0.5201416,0.12509155,9.376892,-0.00073337555,0.00026389956,-0.0024366379,0.0,3
10-08-2019 00:15:48,-0.5165558,0.12031555,9.382874,0.0019732118,0.0034015477,0.0008020401,0.0,3
10-08-2019 00:15:48,-0.517746,0.12210083,9.378098,0.0010431409,-0.0015451312,0.0009250641,0.0,3
10-08-2019 00:15:48,-0.51535034,0.12449646,9.379883,0.0008224845,-0.0014352351,0.0010204315,0.0,3
10-08-2019 00:15:48,-0.52075195,0.12271118,9.382889,-0.0011911988,0.00087130815,-0.0013027191,0.0,3
10-08-2019 00:15:48,-0.51475525,0.12150574,9.383484,0.0021184087,0.00275103,-0.0016679764,0.0,3
10-08-2019 00:15:48,-0.51116943,0.123306274,9.385269,1.0192394e-05,0.0008573532,0.0024967194,0.0,3
10-08-2019 00:15:48,-0.5189514,0.12748718,9.372101,0.0038531423,0.0024681166,-0.00033473969,0.0,3
10-08-2019 00:15:48,-0.5189514,0.123306274,9.378693,-0.0002438426,0.0001418218,0.002175331,0.0,3
10-08-2019 00:15:48,-0.51356506,0.12928772,9.374496,3.963709e-05,0.0021285191,0.0014276505,0.0,3
10-08-2019 00:15:48,-0.51116943,0.12809753,9.378693,0.0028743148,-0.0004919693,-0.0014410019,0.0,3
10-08-2019 00:15:48,-0.50997925,0.12809753,9.383484,-0.0004861951,0.0005790442,0.006213188,0.0,3
10-08-2019 00:15:48,-0.51356506,0.12748718,9.382874,-0.0041113496,0.0013584718,0.0073451996,0.0,3
10-08-2019 00:15:48,-0.5117645,0.12031555,9.372101,-0.0036056638,0.0018057749,0.0060863495,0.0,3
10-08-2019 00:15:48,-0.51116943,0.126297,9.378693,-0.0022089481,0.0066274256,0.0044841766,0.0,3
10-08-2019 00:15:48,-0.509964,0.12689209,9.384079,0.0021253228,-0.0015167445,0.007411003,0.0,3
10-08-2019 00:15:48,-0.5129547,0.12271118,9.382278,-0.0023220181,-0.004402943,0.006157875,0.0,3
10-08-2019 00:15:48,-0.5057831,0.120910645,9.373306,-0.00089627504,-0.000706926,0.0033283234,0.0,3
10-08-2019 00:15:48,-0.51356506,0.1304779,9.374496,-0.0010653734,0.0004767105,0.001420021,0.0,3
10-08-2019 00:15:48,-0.51057434,0.123306274,9.379883,-0.0002619624,-0.004006535,0.0029363632,0.0,3
10-08-2019 00:15:48,-0.5093689,0.12390137,9.375702,-0.0045048,0.00068540126,0.0035657883,0.0,3
10-08-2019 00:15:48,-0.50756836,0.11911011,9.377487,0.0023085475,0.0019983798,-0.00039100647,0.0,3
10-08-2019 00:15:48,-0.51535034,0.12271118,9.377487,0.002204597,-0.0038810968,0.0025453568,0.0,3
10-08-2019 00:15:48,-0.5081787,0.126297,9.376297,0.00065517426,0.0033712909,-0.00030708313,0.0,3
10-08-2019 00:15:48,-0.5087738,0.1257019,9.376892,0.0025545955,-0.00055994093,0.00021457672,0.0,3
10-08-2019 00:15:48,-0.509964,0.12509155,9.376297,-0.0010340214,0.0017828345,-0.0006160736,0.0,3
10-08-2019 00:15:48,-0.5051727,0.1257019,9.377487,0.0014230609,-0.0005411804,0.0015687943,0.0,3
10-08-2019 00:15:48,-0.51116943,0.12390137,9.373306,-0.0006747246,-0.0036000237,-0.00055122375,0.0,3
10-08-2019 00:15:48,-0.5081787,0.12809753,9.383484,2.4020672e-05,0.002364099,-0.0059423447,0.0,3
10-08-2019 00:15:48,-0.5075836,0.120910645,9.378693,0.0011460781,0.0023317933,-0.00036907196,0.0,3
10-08-2019 00:15:48,-0.5063782,0.12809753,9.380478,0.00015801191,-0.0033013076,-0.0041952133,0.0,3
10-08-2019 00:15:48,-0.50756836,0.12928772,9.381683,0.0056245923,-0.000113114715,-0.003979683,0.0,3
10-08-2019 00:15:48,-0.5117645,0.12390137,9.392456,-0.001716435,0.0021427125,-0.0054368973,0.0,3
10-08-2019 00:15:48,-0.5171509,0.12271118,9.39006,-0.0011651516,-0.0015488118,-0.0048065186,0.0,3
10-08-2019 00:15:48,-0.517746,0.13227844,9.398453,0.0014106631,0.002294466,-0.0043907166,0.0,3
10-08-2019 00:15:48,-0.51297,0.12928772,9.3984375,-0.0010058284,-0.0013349801,-0.006123543,0.0,3
10-08-2019 00:15:48,-0.51116943,0.12451172,9.402634,-0.0004056096,-0.0023969114,-0.0048675537,0.0,3
10-08-2019 00:15:48,-0.5135498,0.1197052,9.400238,-0.0004812479,-0.0029205233,0.0015363693,0.0,3
10-08-2019 00:15:48,-0.5231323,0.12150574,9.405624,0.0013231635,0.0011070967,-0.00057315826,0.0,3
10-08-2019 00:15:48,-0.51535034,0.12510681,9.402039,-0.0013019443,0.0015079677,-0.004330635,0.0,3
10-08-2019 00:15:48,-0.52134705,0.1257019,9.401428,0.0041093826,0.0001579076,-7.724762e-05,0.0,3
10-08-2019 00:15:48,-0.517746,0.12271118,9.401428,0.0014853477,-0.00045248866,-0.0024271011,0.0,3
10-08-2019 00:15:48,-0.5201416,0.123306274,9.405029,0.0011815429,-0.0028563142,-0.005592346,0.0,3
10-08-2019 00:15:48,-0.52075195,0.12689209,9.403824,-0.0035260916,0.0018805563,0.0010490417,0.0,3
10-08-2019 00:15:48,-0.5171509,0.120910645,9.40683,0.0010486245,-0.0011732727,-0.003645897,0.0,3
10-08-2019 00:15:48,-0.51416016,0.1257019,9.407425,-0.00065618753,-0.00026284158,0.004746437,0.0,3
10-08-2019 00:15:48,-0.51416016,0.12689209,9.402634,0.003810227,0.000933215,-0.0020074844,0.0,3
10-08-2019 00:15:48,-0.5183563,0.12689209,9.403229,-0.0006672144,-0.0018922985,-0.0005168915,0.0,3
10-08-2019 00:15:48,-0.5171509,0.12750244,9.4062195,0.0016144514,-0.0019591898,0.0040636063,0.0,3
10-08-2019 00:15:48,-0.5171509,0.12390137,9.405029,-0.0037291646,-0.0012224019,-0.0068645477,0.0,3
10-08-2019 00:15:48,-0.51594543,0.12510681,9.406815,0.0035799146,-0.002416879,-0.0013561249,0.0,3
10-08-2019 00:15:48,-0.5201416,0.1197052,9.405029,-0.0055250525,-0.0020577759,0.0019025803,0.0,3
10-08-2019 00:15:48,-0.5165558,0.12271118,9.3984375,-0.0015038848,-0.0020213276,-0.001912117,0.0,3
10-08-2019 00:15:48,-0.5189514,0.13348389,9.397247,-0.0002590418,-0.00322818,0.0031318665,0.0,3
10-08-2019 00:15:48,-0.51594543,0.12449646,9.399048,0.004196584,0.0035841167,0.0016889572,0.0,3
10-08-2019 00:15:48,-0.5189514,0.1257019,9.394852,-0.0023165345,-0.0006913841,-0.00043582916,0.0,3
10-08-2019 00:15:48,-0.51116943,0.12390137,9.399048,0.001840353,-0.0039675385,0.00011444092,0.0,3
10-08-2019 00:15:48,-0.51535034,0.12809753,9.386475,-0.0013105273,-0.0012122244,0.0044546127,0.0,3
10-08-2019 00:15:48,-0.5165558,0.12809753,9.387665,-3.993511e-06,5.1900744e-05,0.00020885468,0.0,3
10-08-2019 00:15:48,-0.5189514,0.123306274,9.385269,0.0015856624,-0.0008571446,-0.0010442734,0.0,3
10-08-2019 00:15:48,-0.5159607,0.13407898,9.38826,0.0061823726,0.0027845353,-0.0026788712,0.0,3
10-08-2019 00:15:48,-0.517746,0.12510681,9.385284,0.0037819147,-0.0011101663,0.0010290146,0.0,3
10-08-2019 00:15:48,-0.5189514,0.123306274,9.377487,-0.00020450354,-0.0001013875,-8.4877014e-05,0.0,3
10-08-2019 00:15:48,-0.51834106,0.12509155,9.382874,0.0013083816,0.000814572,0.0043230057,0.0,3
10-08-2019 00:15:48,-0.5165558,0.12390137,9.387665,-0.0023252964,0.0027160048,0.0020923615,0.0,3
10-08-2019 00:15:48,-0.5171509,0.12869263,9.376892,0.0022159219,0.0020382851,-0.0045957565,0.0,3
10-08-2019 00:15:48,-0.5201416,0.12750244,9.379288,0.0014713407,-0.0009910911,0.0013408661,0.0,3
10-08-2019 00:15:48,-0.5183563,0.12869263,9.382889,0.0015753508,0.00015256554,0.0036964417,0.0,3
10-08-2019 00:15:48,-0.51057434,0.12869263,9.379883,0.0029072762,-0.0011036545,0.0012788773,0.0,3
10-08-2019 00:15:48,-0.51475525,0.12510681,9.378693,-0.000659585,0.0025521815,-0.003148079,0.0,3
10-08-2019 00:15:48,-0.52194214,0.12689209,9.372101,0.00135535,0.002461642,-0.0032873154,0.0,3
10-08-2019 00:15:48,-0.52253723,0.12869263,9.379883,0.0039482713,-0.0029006377,0.0030021667,0.0,3
10-08-2019 00:15:48,-0.5189514,0.12449646,9.370316,0.0022268891,-0.0015201494,0.0032129288,0.0,3
10-08-2019 00:15:48,-0.5171509,0.12928772,9.383484,0.00061923265,0.002215527,-0.0022249222,0.0,3
10-08-2019 00:15:48,-0.5165558,0.126297,9.378693,-0.0038561225,0.0014993921,0.0021305084,0.0,3
10-08-2019 00:15:48,-0.5207367,0.12988281,9.379288,0.0030027628,-0.0005086139,0.0042324066,0.0,3
10-08-2019 00:15:48,-0.5171509,0.126297,9.376892,0.0012025237,0.00070341676,4.2915344e-05,0.0,3
10-08-2019 00:15:48,-0.517746,0.12808228,9.381683,0.00050777197,0.003912419,-0.00036525726,0.0,3
10-08-2019 00:15:48,-0.5183563,0.12510681,9.379883,6.854534e-06,0.004050657,-0.001036644,0.0,3
10-08-2019 00:15:48,-0.5189514,0.126297,9.369705,0.0021253228,0.0012070388,0.00091838837,0.0,3
10-08-2019 00:15:48,-0.5171509,0.123306274,9.375702,-0.00058704615,-0.0012474209,0.0014371872,0.0,3
10-08-2019 00:15:48,-0.5231323,0.123306274,9.374496,0.004654646,0.0015247464,0.0013742447,0.0,3
10-08-2019 00:15:48,-0.52552795,0.1257019,9.374496,-0.0007609725,-0.0011426359,-0.0050172806,0.0,3
10-08-2019 00:15:48,-0.52493286,0.12271118,9.380478,-0.0023791194,-0.0011343658,0.00024700165,0.0,3
10-08-2019 00:15:48,-0.5189514,0.12449646,9.378082,0.0033894181,0.0012537688,-0.0050182343,0.0,3
10-08-2019 00:15:48,-0.5159607,0.12869263,9.382889,0.00091809034,0.00078108907,-0.0041513443,0.0,3
10-08-2019 00:15:48,-0.52433777,0.12689209,9.378082,0.002055943,-7.106364e-05,-0.00034427643,0.0,3
10-08-2019 00:15:48,-0.5207367,0.11972046,9.376892,-0.00031000376,0.0005081147,0.00019264221,0.0,3
10-08-2019 00:15:48,-0.5195465,0.12748718,9.382889,-0.00014775991,0.0014229715,0.0033168793,0.0,3
10-08-2019 00:15:48,-0.5261383,0.12689209,9.382874,0.002151668,0.0013663322,0.00022602081,0.0,3
10-08-2019 00:15:48,-0.51834106,0.126297,9.379883,0.0039007068,-0.00092181563,0.0033950806,0.0,3
10-08-2019 00:15:48,-0.5183563,0.12451172,9.375107,0.0009949803,0.0005925447,0.00067710876,0.0,3
10-08-2019 00:15:48,-0.5195465,0.12988281,9.376297,-0.00055390596,0.0012046546,-0.0011520386,0.0,3
10-08-2019 00:15:48,-0.509964,0.12748718,9.378693,0.0007684231,0.002168581,-0.003935814,0.0,3
10-08-2019 00:15:52,-0.59017944,0.13348389,9.380493,0.0027646422,-0.0011510998,0.0073900223,0,3
10-08-2019 00:15:52,-0.5817871,0.12988281,9.385269,-0.005039811,-0.00114429,0.0050764084,0,3
10-08-2019 00:15:52,-0.588974,0.13227844,9.39006,-0.006572962,-0.0039901882,0.0077590942,0,3
10-08-2019 00:15:52,-0.588974,0.1328888,9.389465,-0.002142787,0.00069499016,0.00675869,0,3
10-08-2019 00:15:52,-0.5919647,0.126297,9.393646,0.00036984682,0.00049611926,0.0033330917,0,3
10-08-2019 00:15:52,-0.5985565,0.13227844,9.395447,-0.017454565,0.003404051,0.00012111664,0,3
10-08-2019 00:15:52,-0.5871887,0.13227844,9.399033,0.0031680465,-0.0016010255,-0.011021614,0,3
10-08-2019 00:15:52,-0.5961609,0.13827515,9.399048,0.0012244582,2.4154782e-05,0.00051498413,0,3
10-08-2019 00:15:52,-0.5913696,0.13768005,9.405624,0.004520595,-0.0018437654,0.0035362244,0,3
10-08-2019 00:15:52,-0.5560608,0.13467407,9.39006,0.0017296076,-0.004530385,-0.005291939,0,3
10-08-2019 00:15:52,-0.5315094,0.12689209,9.38707,-0.0027092695,-0.0008764118,0.00034618378,0,3
10-08-2019 00:15:52,-0.5303192,0.13108826,9.396042,0.0043050647,-0.001872763,-0.0021743774,0,3
10-08-2019 00:15:52,-0.5303192,0.12928772,9.390671,0.005106628,-0.0044793636,-0.002278328,0,3
10-08-2019 00:15:52,-0.52493286,0.12271118,9.391251,0.0028091073,0.0007926971,-0.0027227402,0,3
10-08-2019 00:15:52,-0.5297241,0.12750244,9.394257,0.0016437769,0.0030123442,-0.002202034,0,3
10-08-2019 00:15:52,-0.5303192,0.12510681,9.391266,-0.0005738735,0.00042136014,-0.0026569366,0,3
10-08-2019 00:15:52,-0.517746,0.12390137,9.386475,0.00066798925,-0.0017513037,-0.005373955,0,3
10-08-2019 00:15:52,-0.5171509,0.123306274,9.388275,0.0067626834,-0.0033402592,0.0028038025,0,3
10-08-2019 00:15:52,-0.5165558,0.13049316,9.385269,0.0023126006,0.00072939694,0.0034971237,0,3
10-08-2019 00:15:52,-0.5189514,0.12390137,9.382889,0.0011388063,-0.0011773556,0.0019845963,0,3
10-08-2019 00:15:52,-0.5171509,0.13467407,9.38707,-0.00397557,0.00037403405,0.002907753,0,3
10-08-2019 00:15:52,-0.52253723,0.12869263,9.378693,-0.0012509227,-0.0036475807,-0.0016317368,0,3
10-08-2019 00:15:52,-0.51475525,0.12510681,9.381683,-0.00032281876,0.0013982803,-0.0030946732,0,3
10-08-2019 00:15:52,-0.5075836,0.123306274,9.385269,-0.0028094053,-0.0029613674,0.00072193146,0,3
10-08-2019 00:15:52,-0.5117645,0.12748718,9.382889,-0.00048148632,-0.0033434182,0.0012760162,0,3
10-08-2019 00:15:52,-0.5171509,0.12748718,9.391251,-0.0026615262,-0.0018414259,0.00082206726,0,3
10-08-2019 00:15:52,-0.5159607,0.12988281,9.39006,0.00034332275,8.948147e-05,-0.00068187714,0.0,3
10-08-2019 00:15:52,-0.5237427,0.126297,9.39006,0.002425909,-0.0009021014,0.0011720657,0.0,3
10-08-2019 00:15:52,-0.5189514,0.12689209,9.38707,-0.0016419291,0.00040976703,-0.0019903183,0.0,3
10-08-2019 00:15:52,-0.5159607,0.1257019,9.387665,-0.0035411716,0.00018940866,0.0010995865,0.0,3
10-08-2019 00:15:52,-0.52253723,0.12869263,9.384079,0.0022197366,-0.0032338947,-0.002448082,0.0,3
10-08-2019 00:15:52,-0.5201416,0.12451172,9.389465,0.0020019412,-0.001795873,-0.0060358047,0.0,3
10-08-2019 00:15:52,-0.52134705,0.12510681,9.387665,-0.00028532743,-0.0033771992,-0.002035141,0.0,3
10-08-2019 00:15:52,-0.5189514,0.12451172,9.387665,-0.0019963384,-0.0005746335,-0.0025644302,0.0,3
10-08-2019 00:15:52,-0.5159607,0.12988281,9.384674,0.0015801191,-0.0016859174,0.00030326843,0.0,3
10-08-2019 00:15:52,-0.517746,0.12150574,9.392456,6.234646e-05,0.0028118044,0.0018386841,0.0,3
10-08-2019 00:15:52,-0.51834106,0.1257019,9.381683,0.002421558,-0.000817582,-0.0011720657,0.0,3
10-08-2019 00:15:52,-0.5273285,0.12928772,9.38707,-4.249811e-05,-0.0032260865,0.0028476715,0.0,3
10-08-2019 00:15:52,-0.5189514,0.126297,9.385269,-0.000705421,-0.003097266,-0.00048732758,0.0,3
10-08-2019 00:15:52,-0.51834106,0.11972046,9.384079,0.004112184,0.0015791506,0.0052747726,0.0,3
10-08-2019 00:15:52,-0.51834106,0.12510681,9.380493,0.000869751,-0.0030994117,-0.0012559891,0.0,3
10-08-2019 00:15:52,-0.5195465,0.12390137,9.381088,0.000639379,0.00075279176,-0.0016489029,0.0,3
10-08-2019 00:15:52,-0.52134705,0.123306274,9.375702,0.0034111738,-0.0022837222,0.0020885468,0.0,3
10-08-2019 00:15:52,-0.52194214,0.12210083,9.381088,-0.0071814656,8.125603e-05,-0.00016498566,0.0,3
10-08-2019 00:15:52,-0.52075195,0.12271118,9.384674,0.0007278323,-0.0015188605,0.0030851364,0.0,3
10-08-2019 00:15:52,-0.5189514,0.12869263,9.380493,-0.00403738,-0.002090767,-0.004319191,0.0,3
10-08-2019 00:15:52,-0.5189514,0.12928772,9.384674,0.0015552044,-0.00088851154,0.00072956085,0.0,3
10-08-2019 00:15:52,-0.517746,0.12510681,9.381088,-0.00023543835,9.033084e-05,-0.006295204,0.0,3
10-08-2019 00:15:52,-0.52194214,0.12449646,9.38887,0.0028319359,-0.0032505393,-0.0018005371,0.0,3
10-08-2019 00:15:52,-0.517746,0.12869263,9.384079,0.00068348646,-0.0017351657,-0.001982689,0.0,3
10-08-2019 00:15:52,-0.51834106,0.12750244,9.39006,0.0033079982,-0.003509827,-0.0021181107,0.0,3
10-08-2019 00:15:52,-0.5171509,0.12449646,9.382278,0.0036099553,-6.572157e-05,0.0022192001,0.0,3
10-08-2019 00:15:52,-0.51416016,0.12748718,9.3858795,0.0002731681,-0.0011330172,-0.0004968643,0.0,3
10-08-2019 00:15:52,-0.52194214,0.1257019,9.382278,-0.0022984743,-0.0012963414,0.0032463074,0.0,3
10-08-2019 00:15:52,-0.5165558,0.12271118,9.38707,0.0015890002,0.00142207,-0.0034341812,0.0,3
10-08-2019 00:15:52,-0.5189514,0.12689209,9.383484,0.00086289644,0.0034569427,-0.0006980896,0.0,3
10-08-2019 00:15:52,-0.5237274,0.13108826,9.385284,0.00090175867,0.001615569,-0.0012636185,0.0,3
10-08-2019 00:15:52,-0.52433777,0.12211609,9.38887,0.0033777952,0.0046907365,0.0007209778,0.0,3
10-08-2019 00:15:52,-0.52433777,0.13108826,9.380493,0.0019729733,0.0004612133,0.003255844,0.0,3
10-08-2019 00:15:52,-0.5201416,0.12510681,9.382278,0.0011695027,0.00078260154,0.00017356873,0.0,3
10-08-2019 00:15:52,-0.52433777,0.12988281,9.384674,0.0011775494,-0.00013807416,-0.006242752,0.0,3
10-08-2019 00:15:52,-0.5189514,0.12510681,9.372696,0.0024983287,0.0005396083,0.0038547516,0.0,3
10-08-2019 00:15:52,-0.5165558,0.12510681,9.379288,0.0027964711,-0.00013796985,-0.0018377304,0.0,3
10-08-2019 00:15:52,-0.5201416,0.12509155,9.376892,-0.00073337555,0.00026389956,-0.0024366379,0.0,3
10-08-2019 00:15:52,-0.5165558,0.12031555,9.382874,0.0019732118,0.0034015477,0.0008020401,0.0,3
10-08-2019 00:15:52,-0.517746,0.12210083,9.378098,0.0010431409,-0.0015451312,0.0009250641,0.0,3
10-08-2019 00:15:52,-0.51535034,0.12449646,9.379883,0.0008224845,-0.0014352351,0.0010204315,0.0,3
10-08-2019 00:15:52,-0.52075195,0.12271118,9.382889,-0.0011911988,0.00087130815,-0.0013027191,0.0,3
10-08-2019 00:15:52,-0.51475525,0.12150574,9.383484,0.0021184087,0.00275103,-0.0016679764,0.0,3
10-08-2019 00:15:52,-0.51116943,0.123306274,9.385269,1.0192394e-05,0.0008573532,0.0024967194,0.0,3
10-08-2019 00:15:52,-0.5189514,0.12748718,9.372101,0.0038531423,0.0024681166,-0.00033473969,0.0,3
10-08-2019 00:15:52,-0.5189514,0.123306274,9.378693,-0.0002438426,0.0001418218,0.002175331,0.0,3
10-08-2019 00:15:52,-0.51356506,0.12928772,9.374496,3.963709e-05,0.0021285191,0.0014276505,0.0,3
10-08-2019 00:15:52,-0.51116943,0.12809753,9.378693,0.0028743148,-0.0004919693,-0.0014410019,0.0,3
10-08-2019 00:15:52,-0.50997925,0.12809753,9.383484,-0.0004861951,0.0005790442,0.006213188,0.0,3
10-08-2019 00:15:52,-0.51356506,0.12748718,9.382874,-0.0041113496,0.0013584718,0.0073451996,0.0,3
10-08-2019 00:15:52,-0.5117645,0.12031555,9.372101,-0.0036056638,0.0018057749,0.0060863495,0.0,3
10-08-2019 00:15:52,-0.51116943,0.126297,9.378693,-0.0022089481,0.0066274256,0.0044841766,0.0,3
10-08-2019 00:15:52,-0.509964,0.12689209,9.384079,0.0021253228,-0.0015167445,0.007411003,0.0,3
10-08-2019 00:15:52,-0.5129547,0.12271118,9.382278,-0.0023220181,-0.004402943,0.006157875,0.0,3
10-08-2019 00:15:52,-0.5057831,0.120910645,9.373306,-0.00089627504,-0.000706926,0.0033283234,0.0,3
10-08-2019 00:15:52,-0.51356506,0.1304779,9.374496,-0.0010653734,0.0004767105,0.001420021,0.0,3
10-08-2019 00:15:52,-0.51057434,0.123306274,9.379883,-0.0002619624,-0.004006535,0.0029363632,0.0,3
10-08-2019 00:15:52,-0.5093689,0.12390137,9.375702,-0.0045048,0.00068540126,0.0035657883,0.0,3
10-08-2019 00:15:52,-0.50756836,0.11911011,9.377487,0.0023085475,0.0019983798,-0.00039100647,0.0,3
10-08-2019 00:15:52,-0.51535034,0.12271118,9.377487,0.002204597,-0.0038810968,0.0025453568,0.0,3
10-08-2019 00:15:52,-0.5081787,0.126297,9.376297,0.00065517426,0.0033712909,-0.00030708313,0.0,3
10-08-2019 00:15:52,-0.5087738,0.1257019,9.376892,0.0025545955,-0.00055994093,0.00021457672,0.0,3
10-08-2019 00:15:52,-0.509964,0.12509155,9.376297,-0.0010340214,0.0017828345,-0.0006160736,0.0,3
10-08-2019 00:15:52,-0.5051727,0.1257019,9.377487,0.0014230609,-0.0005411804,0.0015687943,0.0,3
10-08-2019 00:15:52,-0.51116943,0.12390137,9.373306,-0.0006747246,-0.0036000237,-0.00055122375,0.0,3
10-08-2019 00:15:52,-0.5081787,0.12809753,9.383484,2.4020672e-05,0.002364099,-0.0059423447,0.0,3
10-08-2019 00:15:52,-0.5075836,0.120910645,9.378693,0.0011460781,0.0023317933,-0.00036907196,0.0,3
10-08-2019 00:15:52,-0.5063782,0.12809753,9.380478,0.00015801191,-0.0033013076,-0.0041952133,0.0,3
10-08-2019 00:15:52,-0.50756836,0.12928772,9.381683,0.0056245923,-0.000113114715,-0.003979683,0.0,3
10-08-2019 00:15:52,-0.5117645,0.12390137,9.392456,-0.001716435,0.0021427125,-0.0054368973,0.0,3
10-08-2019 00:15:52,-0.5171509,0.12271118,9.39006,-0.0011651516,-0.0015488118,-0.0048065186,0.0,3
10-08-2019 00:15:52,-0.517746,0.13227844,9.398453,0.0014106631,0.002294466,-0.0043907166,0.0,3
10-08-2019 00:15:52,-0.51297,0.12928772,9.3984375,-0.0010058284,-0.0013349801,-0.006123543,0.0,3
10-08-2019 00:15:52,-0.51116943,0.12451172,9.402634,-0.0004056096,-0.0023969114,-0.0048675537,0.0,3
10-08-2019 00:15:52,-0.5135498,0.1197052,9.400238,-0.0004812479,-0.0029205233,0.0015363693,0.0,3
10-08-2019 00:15:52,-0.5231323,0.12150574,9.405624,0.0013231635,0.0011070967,-0.00057315826,0.0,3
10-08-2019 00:15:52,-0.51535034,0.12510681,9.402039,-0.0013019443,0.0015079677,-0.004330635,0.0,3
10-08-2019 00:15:52,-0.52134705,0.1257019,9.401428,0.0041093826,0.0001579076,-7.724762e-05,0.0,3
10-08-2019 00:15:52,-0.517746,0.12271118,9.401428,0.0014853477,-0.00045248866,-0.0024271011,0.0,3
10-08-2019 00:15:52,-0.5201416,0.123306274,9.405029,0.0011815429,-0.0028563142,-0.005592346,0.0,3
10-08-2019 00:15:52,-0.52075195,0.12689209,9.403824,-0.0035260916,0.0018805563,0.0010490417,0.0,3
10-08-2019 00:15:52,-0.5171509,0.120910645,9.40683,0.0010486245,-0.0011732727,-0.003645897,0.0,3
10-08-2019 00:15:52,-0.51416016,0.1257019,9.407425,-0.00065618753,-0.00026284158,0.004746437,0.0,3
10-08-2019 00:15:52,-0.51416016,0.12689209,9.402634,0.003810227,0.000933215,-0.0020074844,0.0,3
10-08-2019 00:15:52,-0.5183563,0.12689209,9.403229,-0.0006672144,-0.0018922985,-0.0005168915,0.0,3
10-08-2019 00:15:52,-0.5171509,0.12750244,9.4062195,0.0016144514,-0.0019591898,0.0040636063,0.0,3
10-08-2019 00:15:52,-0.5171509,0.12390137,9.405029,-0.0037291646,-0.0012224019,-0.0068645477,0.0,3
10-08-2019 00:15:52,-0.51594543,0.12510681,9.406815,0.0035799146,-0.002416879,-0.0013561249,0.0,3
10-08-2019 00:15:52,-0.5201416,0.1197052,9.405029,-0.0055250525,-0.0020577759,0.0019025803,0.0,3
10-08-2019 00:15:52,-0.5165558,0.12271118,9.3984375,-0.0015038848,-0.0020213276,-0.001912117,0.0,3
10-08-2019 00:15:52,-0.5189514,0.13348389,9.397247,-0.0002590418,-0.00322818,0.0031318665,0.0,3
10-08-2019 00:15:52,-0.51594543,0.12449646,9.399048,0.004196584,0.0035841167,0.0016889572,0.0,3
10-08-2019 00:15:52,-0.5189514,0.1257019,9.394852,-0.0023165345,-0.0006913841,-0.00043582916,0.0,3
10-08-2019 00:15:52,-0.51116943,0.12390137,9.399048,0.001840353,-0.0039675385,0.00011444092,0.0,3
10-08-2019 00:15:52,-0.51535034,0.12809753,9.386475,-0.0013105273,-0.0012122244,0.0044546127,0.0,3
10-08-2019 00:15:52,-0.5165558,0.12809753,9.387665,-3.993511e-06,5.1900744e-05,0.00020885468,0.0,3
10-08-2019 00:15:52,-0.5189514,0.123306274,9.385269,0.0015856624,-0.0008571446,-0.0010442734,0.0,3
10-08-2019 00:15:52,-0.5159607,0.13407898,9.38826,0.0061823726,0.0027845353,-0.0026788712,0.0,3
10-08-2019 00:15:52,-0.517746,0.12510681,9.385284,0.0037819147,-0.0011101663,0.0010290146,0.0,3
10-08-2019 00:15:52,-0.5189514,0.123306274,9.377487,-0.00020450354,-0.0001013875,-8.4877014e-05,0.0,3
10-08-2019 00:15:52,-0.51834106,0.12509155,9.382874,0.0013083816,0.000814572,0.0043230057,0.0,3
10-08-2019 00:15:52,-0.5165558,0.12390137,9.387665,-0.0023252964,0.0027160048,0.0020923615,0.0,3
10-08-2019 00:15:52,-0.5171509,0.12869263,9.376892,0.0022159219,0.0020382851,-0.0045957565,0.0,3
10-08-2019 00:15:52,-0.5201416,0.12750244,9.379288,0.0014713407,-0.0009910911,0.0013408661,0.0,3
10-08-2019 00:15:52,-0.5183563,0.12869263,9.382889,0.0015753508,0.00015256554,0.0036964417,0.0,3
10-08-2019 00:15:52,-0.51057434,0.12869263,9.379883,0.0029072762,-0.0011036545,0.0012788773,0.0,3
10-08-2019 00:15:52,-0.51475525,0.12510681,9.378693,-0.000659585,0.0025521815,-0.003148079,0.0,3
10-08-2019 00:15:52,-0.52194214,0.12689209,9.372101,0.00135535,0.002461642,-0.0032873154,0.0,3
10-08-2019 00:15:52,-0.52253723,0.12869263,9.379883,0.0039482713,-0.0029006377,0.0030021667,0.0,3
10-08-2019 00:15:52,-0.5189514,0.12449646,9.370316,0.0022268891,-0.0015201494,0.0032129288,0.0,3
10-08-2019 00:15:52,-0.5171509,0.12928772,9.383484,0.00061923265,0.002215527,-0.0022249222,0.0,3
10-08-2019 00:15:52,-0.5165558,0.126297,9.378693,-0.0038561225,0.0014993921,0.0021305084,0.0,3
10-08-2019 00:15:52,-0.5207367,0.12988281,9.379288,0.0030027628,-0.0005086139,0.0042324066,0.0,3
10-08-2019 00:15:52,-0.5171509,0.126297,9.376892,0.0012025237,0.00070341676,4.2915344e-05,0.0,3
10-08-2019 00:15:52,-0.517746,0.12808228,9.381683,0.00050777197,0.003912419,-0.00036525726,0.0,3
10-08-2019 00:15:52,-0.5183563,0.12510681,9.379883,6.854534e-06,0.004050657,-0.001036644,0.0,3
10-08-2019 00:15:52,-0.5189514,0.126297,9.369705,0.0021253228,0.0012070388,0.00091838837,0.0,3
10-08-2019 00:15:52,-0.5171509,0.123306274,9.375702,-0.00058704615,-0.0012474209,0.0014371872,0.0,3
10-08-2019 00:15:52,-0.5231323,0.123306274,9.374496,0.004654646,0.0015247464,0.0013742447,0.0,3
10-08-2019 00:15:52,-0.52552795,0.1257019,9.374496,-0.0007609725,-0.0011426359,-0.0050172806,0.0,3
10-08-2019 00:15:52,-0.52493286,0.12271118,9.380478,-0.0023791194,-0.0011343658,0.00024700165,0.0,3
10-08-2019 00:15:52,-0.5189514,0.12449646,9.378082,0.0033894181,0.0012537688,-0.0050182343,0.0,3
10-08-2019 00:15:52,-0.5159607,0.12869263,9.382889,0.00091809034,0.00078108907,-0.0041513443,0.0,3
10-08-2019 00:15:52,-0.52433777,0.12689209,9.378082,0.002055943,-7.106364e-05,-0.00034427643,0.0,3
10-08-2019 00:15:52,-0.5207367,0.11972046,9.376892,-0.00031000376,0.0005081147,0.00019264221,0.0,3
10-08-2019 00:15:52,-0.5195465,0.12748718,9.382889,-0.00014775991,0.0014229715,0.0033168793,0.0,3
10-08-2019 00:15:52,-0.5261383,0.12689209,9.382874,0.002151668,0.0013663322,0.00022602081,0.0,3
10-08-2019 00:15:52,-0.51834106,0.126297,9.379883,0.0039007068,-0.00092181563,0.0033950806,0.0,3
10-08-2019 00:15:52,-0.5183563,0.12451172,9.375107,0.0009949803,0.0005925447,0.00067710876,0.0,3
10-08-2019 00:15:52,-0.5195465,0.12988281,9.376297,-0.00055390596,0.0012046546,-0.0011520386,0.0,3
10-08-2019 00:15:52,-0.509964,0.12748718,9.378693,0.0007684231,0.002168581,-0.003935814,0.0,3
10-08-2019 00:15:52,-0.5171509,0.12808228,9.378098,0.00063705444,-0.0011796504,0.0038032532,0.0,3
10-08-2019 00:15:52,-0.52134705,0.12869263,9.382278,0.004613459,0.00028550625,-0.0018196106,0.0,3
10-08-2019 00:15:52,-0.5183563,0.13168335,9.382889,0.003924668,0.001746729,0.0040216446,0.0,3
10-08-2019 00:15:52,-0.52194214,0.12928772,9.3858795,-0.0017772913,-0.0032106563,0.000702858,0.0,3
10-08-2019 00:15:52,-0.517746,0.13227844,9.381683,0.0033766627,-0.00033339858,-0.0006752014,0.0,3
10-08-2019 00:15:52,-0.5171509,0.12451172,9.375702,0.0058276653,0.001475215,-0.0016469955,0.0,3
10-08-2019 00:15:52,-0.5171509,0.126297,9.381683,0.0036163926,0.002517283,0.001745224,0.0,3
10-08-2019 00:15:52,-0.5159607,0.126297,9.384079,4.4107437e-06,-0.0011429042,0.0019731522,0.0,3
10-08-2019 00:15:52,-0.5189514,0.12150574,9.386475,0.0035936832,0.0022699833,-0.0002412796,0.0,3
10-08-2019 00:15:52,-0.51297,0.1257019,9.381683,-0.0014116168,0.001133427,0.0018968582,0.0,3
10-08-2019 00:15:52,-0.5189514,0.12928772,9.372711,0.0016576648,0.0005313903,-0.001502037,0.0,3
10-08-2019 00:15:52,-0.5105591,0.13227844,9.381683,0.0044254065,-0.00021447241,-0.0017747879,0.0,3
10-08-2019 00:15:52,-0.5087738,0.12390137,9.379883,-0.0018391609,0.0027527213,0.0008420944,0.0,3
10-08-2019 00:15:52,-0.5123596,0.123306274,9.389465,-0.00010550022,0.00045150518,-0.00420475,0.0,3
10-08-2019 00:15:52,-0.5129547,0.12271118,9.382874,0.008247554,0.0022387505,0.004425049,0.0,3
10-08-2019 00:15:52,-0.517746,0.12808228,9.381088,-0.0018280149,-0.001281783,-0.0025987625,0.0,3
10-08-2019 00:15:52,-0.5189514,0.12449646,9.380478,-0.002870798,-0.0010117143,-9.250641e-05,0.0,3
10-08-2019 00:15:52,-0.51356506,0.1257019,9.389465,0.0033916235,0.00095263124,0.0011510849,0.0,3
10-08-2019 00:15:52,-0.51057434,0.123306274,9.387665,6.097555e-05,0.0010008812,0.00035381317,0.0,3
10-08-2019 00:15:52,-0.5201416,0.12809753,9.382278,0.0017673373,3.2261014e-05,-0.0017251968,0.0,3
